2.17575489616394,0
2.17575518692341,0.0394441735096245
2.17575553444839,0.0789124021261735
2.17575579347717,0.118428782858125
2.17575595412327,0.158017529642206
2.1757561316029,0.19770304384845
2.1757565514409,0.237509984225799
2.17575682025489,0.27746324892234
2.17575685453773,0.317588114561183
2.17575732252068,0.357910398796711
2.17575748956423,0.398456215268202
2.17575777770299,0.439252415406271
2.17575784162313,0.480326357022284
2.17575816293087,0.521706279457074
2.17575836396151,0.563421039794696
2.17575878117304,0.605500540504455
2.17575901165624,0.64797546951931
2.12968687620313,0.676791997197678
2.00028769713747,0.67722612541589
1.88394119403216,0.677616494435508
1.77870601031296,0.67796954294267
1.68300744286803,0.678290606956935
1.59555438197968,0.678584018036148
1.51527826979115,0.678853349637612
1.44128708704127,0.679101564481471
1.37283052267844,0.679331229358908
1.30927258835589,0.679544446096675
1.25007095485761,0.679743102931287
1.19475984532976,0.679928670591809
1.14293734620486,0.680102476566793
1.09425500423354,0.680265843868256
1.04840841840074,0.680419623272288
1.00513136237004,0.680564808548291
0.964189443675793,0.680702183832534
0.925375556216296,0.680832409360453
0.888506054749019,0.680956070489848
0.853417626975131,0.681073772499298
0.819964357239309,0.68118600254625
0.788015554460133,0.681293218789988
0.757453649146698,0.68139572975267
0.728172902291415,0.681493982764907
0.700077602835558,0.681588261563689
0.673080970263356,0.681678767486058
0.647104485711587,0.681765962468972
0.622076240447942,0.681849899558558
0.597930909137596,0.681930909137596
0.574608561910663,0.682009130780505
0.552054368013997,0.682084802132734
0.530217893879857,0.682158079774998
0.509052677155568,0.682229063617606
0.488515970671433,0.682297964865241
0.468568185952796,0.68236488162484
0.4491727068773,0.682429944681333
0.430295558188236,0.682493257276076
0.411905198348028,0.682554949273897
0.393972249716653,0.682615115710883
0.376469312359789,0.682673829702525
0.359370818254022,0.682731189007172
0.342652825887494,0.682787249180695
0.326292952525491,0.68284214264119
0.310270122051239,0.682895883299128
0.294564571181441,0.682948564865167
0.27915767243413,0.683000245640443
0.264031855956178,0.683050976750049
0.249170559289923,0.683100877613252
0.234558022504942,0.683149883845689
0.22017938074675,0.683198075020613
0.206020539336717,0.683245573733885
0.192068040901281,0.683292378683154
0.178309081414709,0.683338519563335
0.164731471819322,0.6833841023313
0.151323500566625,0.683429070118344
0.138074008005402,0.683473518472752
0.124972255339465,0.683517448567625
0.11200793678312,0.683560909844909
0.0991711321731907,0.683603971750262
0.0864522498997975,0.683646633976395
0.0738420344625879,0.683688964222628
0.0613314865451365,0.683730887455512
0.0489119202967839,0.683772553333145
0.0365748485430862,0.683813946445563
0.024312003395907,0.683855075498396
0.012115312930943,0.683895987486315
-2.31372691706644e-05,0.683936662014343
-0.0121110995553166,0.683977199044042
-0.0241562150686916,0.684017591760057
-0.0361660110405476,0.684057911836372
-0.0481479388993007,0.684098078399225
-0.0601093669198184,0.684138219973281
-0.0720576240119755,0.684178262134025
-0.084,0.684218287467957
-0.0959437740766139,0.684258358575669
-0.107896228743141,0.684298458795067
-0.119864666863132,0.684338610675256
-0.13185642865915,0.684378814492645
-0.143878912757788,0.684419104654001
-0.155939597062383,0.684459545141429
-0.168046052130068,0.684500164450884
-0.180205956365121,0.6845409490334
-0.192427129549129,0.684581953422679
-0.204717526573168,0.684623113763626
-0.217085314615812,0.684664589773448
-0.229538837896562,0.684706398866671
-0.242086638935964,0.684748462597798
-0.25473754304405,0.684790882279831
-0.267500633562715,0.68483368767713
-0.280385284180233,0.684876876607947
-0.293401213845557,0.684920508620499
-0.30655849738791,0.684964623469233
-0.319867607853723,0.685009272420158
-0.333339422787722,0.685054433889115
-0.346985330138851,0.685100207719611
-0.360817177457412,0.685146556724646
-0.374847429132796,0.685193604016253
-0.389089114073866,0.685241369527761
-0.403555924805232,0.685289892234653
-0.418262253220787,0.685339181873531
-0.43322330522306,0.68538932759801
-0.448455145623466,0.685440437805704
-0.463974682361316,0.685492472773904
-0.479799875259399,0.685545493578704
-0.495949820684013,0.685599634322378
-0.512444774540818,0.68565496648488
-0.529306263280634,0.685711512993041
-0.546557267849247,0.685769351015187
-0.564222321072857,0.685828550633273
-0.582327709869309,0.685889250333921
-0.600901548336838,0.685951523007973
-0.619974027770076,0.686015471917129
-0.639577609307275,0.686081209968096
-0.659747223188283,0.686148821660777
-0.68052063006182,0.686218487078689
-0.701938526433316,0.68629026085195
-0.724045167619889,0.686364410758073
-0.746888334419053,0.68644096494907
-0.77052019517825,0.68652019517825
-0.794997461203714,0.686602267200755
-0.820382047769197,0.686687368705721
-0.846741767764345,0.6867757724499
-0.874150829228228,0.686867636722592
-0.902691022367654,0.686963334916849
-0.93245227329415,0.687063103841609
-0.963533992403075,0.687167266288591
-0.996046385519022,0.687276247689473
-1.03011180758602,0.687390464459265
-1.06586654191321,0.687510354163528
-1.10346283255053,0.687636363159636
-1.14307167530578,0.687769187683982
-1.18488509598729,0.687909356456217
-1.22912020368254,0.68805763444566
-1.27602317005138,0.688214898109436
-1.1887815971747,0.612390439192381
-1.18878009614831,0.587421997033932
-1.18877863306028,0.56291282960188
-1.1887772892085,0.538835887054437
-1.18877588701774,0.515165456661353
-1.18877451824721,0.491877306321575
-1.18877310071594,0.468948358879715
-1.18877178941498,0.446356776486486
-1.18877050739787,0.424081664757869
-1.18876923368035,0.40210311679273
-1.18876795846813,0.380402114378226
-1.18876663042821,0.358960437966986
-1.18876543861802,0.337760690400663
-1.188764181607,0.316786031427412
-1.18876299404809,0.296020352082975
-1.18876170274504,0.275448028963052
-1.18876055461927,0.255054070871825
-1.1887593270678,0.23482384403442
-1.18875816909381,0.214743234430875
-1.18875693178864,0.194798454199038
-1.18875577742815,0.174976125503255
-1.18875461629452,0.155263135915351
-1.18875347818207,0.135646670724542
-1.18875229428812,0.116114145049155
-1.18875114901195,0.0966532015557844
-1.188750056373,0.0772516494365776
-1.18874885118028,0.0578974339558497
-1.18874767363808,0.03857863885766
-1.18874661974915,0.0192834239769502
-1.18874538803101,1.35292290332497e-16
-1.18874423592648,-0.019283382367171
-1.1887431464446,-0.0385784807645799
-1.18874194651708,-0.057897072097784
-1.18874078069867,-0.0772510008182425
-1.18873962971272,-0.0966521937476894
-1.18873854176329,-0.116112699600549
-1.18873738656393,-0.135644694922275
-1.18873620062666,-0.155260547762019
-1.18873493716046,-0.174972824729121
-1.18873380433682,-0.194794376205288
-1.18873265893456,-0.214738275758233
-1.18873145864475,-0.234817920418236
-1.18873023843488,-0.255047071829173
-1.18872896862627,-0.275439867430596
-1.18872775896465,-0.296010910870821
-1.18872648106145,-0.316775220969936
-1.18872519647309,-0.337748387142271
-1.18872400151408,-0.358946586993155
-1.18872264719987,-0.380386512457373
-1.18872140110204,-0.402085707157997
-1.18872009236677,-0.424062312240605
-1.18871873552926,-0.446335341325272
-1.1887173564893,-0.468924696859357
-1.18871603727983,-0.491851268917356
-1.18871462816344,-0.515136891188463
-1.18871321673787,-0.538804636822482
-1.1887117168198,-0.56287873407437
-1.18871020645962,-0.58738483602728
-1.18870871748175,-0.612350041318913
-1.18870723255804,-0.637803018093109
-1.18870567152537,-0.663774133635993
-1.18870406867983,-0.690295715447562
-1.18870242507815,-0.717402143069457
-1.1887007524223,-0.745130066071078
-1.18869899935622,-0.773518566801952
-1.18869725344132,-0.802609535195839
-1.18869543089072,-0.832447716077757
-1.18869362356276,-0.863081249783206
-1.18869174376107,-0.894561735700068
-1.18868971569926,-0.926944733008585
-1.18869742471571,-0.960298820605105
-1.18869534368105,-0.994672155167412
-1.18869325501171,-1.03014312585294
-1.18869096269412,-1.06678766230454
-1.18868870848933,-1.10468870848933
-1.18868636371295,-1.14393621685584
-1.18868385113379,-1.18462839642544
-1.18868128256883,-1.22687285731851
-1.18867867254314,-1.27078744502447
-1.18867588163604,-1.31650145059193
-1.18867296819719,-1.36415750732785
-1.18866998478646,-1.41391310336228
-1.1886667731786,-1.46594232096279
-1.18866350196745,-1.52043887231237
-1.18866001103928,-1.57761799289346
-1.18865637636065,-1.63772042721102
-1.18865255450847,-1.70101576587588
-1.18864845770511,-1.76780706931743
-1.18864418096276,-1.83843664567421
-1.18863964939118,-1.91329199680058
-1.18863482858961,-1.99281398291172
-1.18862961516764,-2.07750615165112
-0.582251040518064,-0.977872726499625
-0.540656295052507,-0.936284156027524
-0.503074279041526,-0.898707691612106
-0.468931286778016,-0.864569825529694
-0.437757638001134,-0.833400768413195
-0.409165545601078,-0.804812967101165
-0.382831617652623,-0.778482979331605
-0.358484215313663,-0.754139183571009
-0.335893458512487,-0.731551722227348
-0.314863556031947,-0.710524965733258
-0.295226557325637,-0.690890938121948
-0.276837630479623,-0.672504737850692
-0.259571280352706,-0.655240938626219
-0.246289809004429,-0.650908871662137
-0.236528085073683,-0.66067172064742
-0.226551079904652,-0.670650102658091
-0.216345244097131,-0.680857257014467
-0.205896180619714,-0.691307593029421
-0.195188525487827,-0.702016721213251
-0.184205739956333,-0.713000888094398
-0.172930140902285,-0.724277875396802
-0.161342721333531,-0.735866838648591
-0.149422984569698,-0.747788135434399
-0.137148842435178,-0.76006385759604
-0.124496428263702,-0.77271788306448
-0.111439901770212,-0.785775977150122
-0.0979512472482252,-0.799266419552058
-0.0840000000000002,-0.813219487667084
-0.0695529951150452,-0.827668355538472
-0.054574041432659,-0.84264920262695
-0.0390235505242979,-0.858201780174572
-0.0228581548270012,-0.87436912213861
-0.0060301630972231,-0.891199313836514
0.0115129137150817,-0.908744671170006
0.029829026735113,-0.92706302728994
0.04898239580076,-0.94621891269084
0.0690442436562196,-0.966283325196754
0.0900939210143008,-0.987335689154368
0.509608979898147,-3.05385346145105
0.565076302486091,-3.05366391602501
0.502704538245508,-2.54129655274344
0.516540266192438,-2.40863544946517
0.546628604333966,-2.35353799208062
0.580075493695338,-2.3159064685139
0.615703243475551,-2.28862618608385
0.653281295632174,-2.26911850583438
0.692936382055065,-2.25638709202642
0.735064847180524,-2.25036217269754
0.780426535668726,-2.25190811530174
0.830526955469056,-2.26353364457629
0.889244422502331,-2.29282017527689
1.27449977112125,-3.05124044327879
1.33871451126043,-3.05102111530736
1.4039736281053,-3.05079804587297
1.47034376917966,-3.05057141055848
1.53789482166859,-3.05034051512029
1.16057213757996,-2.24526757107448
1.16056977844238,-2.15565808982695
1.16056708375307,-2.07130746189906
1.16056467274009,-1.99171981941065
1.16056244089514,-1.91645809801399
1.16056052653945,-1.84513685959905
1.16055862068552,-1.77741391340574
1.18740983349859,-1.74994550833672
1.23467743222883,-1.74994405782696
1.28320488504102,-1.74994245210175
1.33307428632857,-1.74994100678608
1.38437358557,-1.74993949587349
1.43719786315636,-1.74993796290719
1.49164959842927,-1.74993616300114
1.54784037347554,-1.74993455627016
1.6058905584081,-1.74993290022006
2.17573514592906,-2.25973514592906
0.781792616837571,-0.836086211390885
0.655771854906765,-0.689848415000599
0.668271343240613,-0.677348159863217
0.680793687538225,-0.664825009742546
0.693346797763694,-0.652271411300356
0.705938109374477,-0.639679268183703
0.718575777903479,-0.627040919458435
0.731267688469476,-0.614348268564117
0.744022115003485,-0.601593280678978
0.756847258558603,-0.588767588925703
0.769751340276522,-0.57586255028215
0.782743500282362,-0.562869810437955
0.795832329414612,-0.549780257470183
0.809026954434149,-0.5365847286496
0.822337162003671,-0.523274004459382
0.835772273986282,-0.509838096745892
0.849342584392939,-0.496267055093025
0.863058435055113,-0.482550374818947
0.876930949733027,-0.468677339546341
0.89097096772393,-0.454636428728458
0.905190534488208,-0.440416001189833
0.919601938137316,-0.42600374823844
0.93421802231546,-0.411386784633453
0.949052399017782,-0.396551662289983
0.96411921804778,-0.381484197331759
0.97943314850176,-0.366169397916725
0.995010036434494,-0.350591613270553
2.17573802604823,-0.690871246621776
2.17573792685265,-0.647969423549171
2.17573805465337,-0.605494986850247
2.17573823768354,-0.563416021750006
2.1757381844492,-0.521701667061151
2.175738252104,-0.480322193141453
2.17573835253585,-0.439248639536277
2.17573823625409,-0.398452820390156
2.17573848386062,-0.357907415046082
2.17573843886987,-0.317585526407852
2.17573859886376,-0.277461011616831
2.17573853089112,-0.237508090189694
2.17573855576489,-0.197701506161873
2.17573859196362,-0.158016315561734
2.17573865086507,-0.118427884451895
2.17573861704119,-0.0789118113572957
2.175738738547,-0.0394438864021465
2.18089834742678,0.680898347426781
2.1555940052872,0.680997858983069
2.13107453271932,0.681043064652397
2.10733756819968,0.681086752151352
2.0843325160282,0.681129093466275
2.06201264307139,0.681170168777477
2.04033479081443,0.681210076024163
2.01925898258593,0.681248874324604
1.99874815989653,0.681286634217455
1.97876792726094,0.681323464679033
1.95928617003148,0.68135932240386
1.94027307044225,0.681394328911329
1.92170071046314,0.681428492112321
1.90354306128644,0.681461946714706
1.88577561791108,0.681494633912644
1.86837549274834,0.681526669280571
1.8513211012854,0.681558044246028
1.83459219385009,0.681588877177575
1.81816956878339,0.681619085177386
1.80203519158263,0.681648778963718
1.78617197460358,0.681678022780273
1.77056365965441,0.681706737670487
1.7551949010229,0.681735033102545
1.74005104913803,0.681762884889076
1.72511820685895,0.6817904053642
1.71038303599595,0.68181750402958
1.69583285487844,0.681844262995027
1.68145551457571,0.681870755876215
1.66723931428077,0.6818969130196
1.65317304803559,0.681922780278814
1.63924593354341,0.681948437547939
1.62544753714063,0.681973853763379
1.61176778275557,0.68199902582152
1.59819692291032,0.682024002246825
1.58472548594093,0.682048787926109
1.57134426559252,0.682073420713571
1.55804427571613,0.682097871004534
1.54481675804212,0.682122232841854
1.53165311268335,0.682146442951682
1.51854492131292,0.682170586964226
1.50548388692344,0.682194614116077
1.49246184163041,0.682218582537496
1.47947070741657,0.682242488643357
1.46650248358097,0.682266332122929
1.45354922773409,0.682290180041236
1.44060303038033,0.682313991245351
1.42765600083099,0.682337856494595
1.41470024682415,0.682361701027643
1.40172785726709,0.682385522313068
1.38873087256067,0.682409447374745
1.37570128000135,0.682433431752788
1.36263098439924,0.682457493085812
1.34951179037274,0.682481645555928
1.33633538285744,0.682505892588907
1.32309330796757,0.682530218252929
1.30977692321699,0.682554753467152
1.29637744352726,0.682579352430941
1.2828858076657,0.682604225146888
1.26929278641157,0.682629219148767
1.25558883295935,0.682654445829835
1.24176414493097,0.682679853397695
1.22780855608368,0.682705553612001
1.21371160199532,0.682731453025048
1.19946236488634,0.682757686714678
1.18504956305137,0.682784190024865
1.17046141808919,0.682811010205307
1.15568563767645,0.682838214454274
1.14070942820889,0.682865742538506
1.12551933439729,0.682893700994477
1.11010131281503,0.682922041870488
1.09444055910926,0.682950845641834
1.07852151235148,0.682980157759737
1.06232781914397,0.683009933924995
1.04584216040345,0.68304024602899
1.02904622680188,0.683071158042722
1.0119206733075,0.683102653138855
0.994444923719422,0.683134813180434
0.97659717331735,0.683167625115503
0.958354146816582,0.683201190018844
0.939691096098099,0.683235512809385
0.92058157433763,0.683270636290845
0.900997260111012,0.683306656760941
0.880907844479303,0.683343628516161
0.860280846724374,0.683381553326786
0.839081272782164,0.683420538432272
0.817271477979349,0.683460647331525
0.794810839113107,0.683501964844171
0.771655488332213,0.683544542343197
0.747757877476147,0.683588493247043
0.723066484347961,0.683633875049431
0.69752517839519,0.68368088236547
0.671073021077425,0.683729522241329
0.643643339172097,0.683779965475619
0.615163272685544,0.683832326532945
0.585552871172592,0.683886793947269
0.554724424014854,0.683943442249444
0.522581038620334,0.684002581429453
0.489015994576496,0.684064303823999
0.453910962741627,0.684128834153775
0.417134435201412,0.684196490855717
0.378540109194097,0.684267493847955
0.337964542284425,0.684342081599275
0.295224331727176,0.684420654372372
0.250113205033019,0.684503635999753
0.202398527640124,0.684591354379523
0.15181627874775,0.684684408363423
0.0980663966778721,0.684783238348533
0.0408056118403037,0.684888520233453
-0.0203602353573333,0.685000995050162
-0.0858859745690232,0.685121464181604
-0.156299590045116,0.685250951612501
-0.232217162133518,0.685390565450843
-0.314362280455131,0.685541608151444
-0.403590711934773,0.685705667796715
-0.500921885440948,0.685884618689282
-0.607580355506607,0.686080817161742
-0.725048810534411,0.686296759978872
-0.855142674319119,0.686536027379275
-1.00010563140175,0.686802552789021
-1.16278098409047,0.687111383888073
-1.34666916649872,0.687450364619795
-1.18834691855784,0.596073870723766
-1.18843483230369,0.547564246138807
-1.18852219077043,0.499440847588072
-1.18860902225856,0.451670081960894
-1.18869498058622,0.404219210036835
-1.18878057669559,0.35705648138556
-1.18886582769269,0.310150778517856
-1.18895053341438,0.263471610081532
-1.18903478991013,0.21698910250766
-1.18911879101157,0.170673877978866
-1.18920262155283,0.124496955651042
-1.1892862817992,0.0784296889918639
-1.1893697075614,0.0324437021315744
-1.18945302434538,-0.0134891704195812
-1.18953632051078,-0.0593969696196697
-1.18961965354988,-0.105307677343343
-1.18970305196538,-0.151249282014006
-1.18978651274396,-0.197249844224147
-1.18987023226705,-0.243337578779245
-1.18995388082826,-0.289540878110192
-1.1900380128857,-0.335888484730647
-1.19012238184095,-0.382409434215372
-1.1902073382667,-0.429133254773029
-1.19029237916547,-0.476089866612972
-1.1903780016485,-0.523309911298555
-1.19046424273929,-0.570824639530795
-1.19055110525216,-0.61866604591357
-1.19063850529319,-0.666866943375064
-1.19072667742515,-0.71546115048874
-1.19081564123639,-0.764483477627548
-1.19090536188444,-0.813969858687171
-1.19099612686023,-0.863957573288863
-1.19108776837785,-0.914485144531111
-1.191180479992,-0.965592704441271
-0.229946406509093,-0.667427239517586
-0.20593374482815,-0.691443219985398
-0.18229134905409,-0.715088860671648
-0.158996975774027,-0.738386888240923
-0.136028385758667,-0.761358502243371
-0.113365776405579,-0.784024524757924
-0.0909889504194972,-0.806404291041885
-0.0688797143033903,-0.828516843608726
-0.0470196234647062,-0.850379965422355
-0.0253915946482919,-0.872011059654143
-0.00397894740236171,-0.893426763358988
0.0172342794000824,-0.914643198438147
0.0382637420932774,-0.935675811848588
0.0591247851765773,-0.95653943189216
1.00550365256987,-0.352875205625665
1.01208041235042,-0.359451737057573
1.01861705924788,-0.365987723869037
1.02511741060639,-0.372487841159794
1.03158600009835,-0.378956096375446
1.03802696484681,-0.38539663963518
1.04444434539219,-0.391813576080899
1.05084209371757,-0.398210982779438
1.05722421514151,-0.404592805358822
1.06359468055364,-0.41096294343292
1.06995743332129,-0.417325262131252
1.07631627046418,-0.423683729535819
1.08267511051254,-0.430042180794772
1.0890377069714,-0.436404621973115
1.09540823160677,-0.442774633191527
1.10179034676219,-0.449156376819751
1.10818807138357,-0.455553691236117
1.11460534841699,-0.461970580113213
1.12104617879413,-0.468411087817387
1.12751463393718,-0.474879304828987
1.13401500883999,-0.481379179500815
1.14055137403402,-0.487915144550317
1.14712812742377,-0.494491405981127
1.1537495932732,-0.501112527170736
1.16042041021431,-0.507782891108552
1.16714512507943,-0.514507350698502
1.17392869060906,-0.521290475178397
1.18077598714395,-0.528137363729074
1.18769221477759,-0.535053033896064
1.19468254382714,-0.542043100047903
1.20175267369104,-0.549112773502301
1.20890827825125,-0.556267969006233
1.21615541792543,-0.563514561008385
1.22350024400248,-0.57085908253485
1.23094946970106,-0.578307741428859
1.23850986180396,-0.585867673127302
1.24618864040114,-0.593546116104551
1.25399348103677,-0.601350452701406
1.26193231977432,-0.609288874227202
1.27001368242658,-0.617369585059705
1.27824637193367,-0.625601925340304
1.28663995410056,-0.633994992785383
1.29520443565289,-0.642558881115387
1.30395039642506,-0.651304556754306
1.31288929540997,-0.660242852555194
1.32203316085166,-0.669386068076471
1.33139486490044,-0.678747253059597
1.34098824980572,-0.688339941356622
1.35082803778018,-0.698179233794047
1.23296692898995,-1.75045731029695
1.26286549858178,-1.75045662434505
1.29265457865169,-1.75045551099061
1.32235275651789,-1.75045467089118
1.35197849990906,-1.75045374942765
1.38155005629113,-1.75045289274749
1.4110855563191,-1.75045192602443
1.44060303038033,-1.75045119458763
1.47012047323422,-1.75045013815743
1.4996558796592,-1.75044931864738
1.52922727386072,-1.75044827331546
1.55885279698997,-1.75044741683817
1.58855069248613,-1.75044648556028
1.61833940332784,-1.75044559861394
1.64823757727922,-1.75044464997974
1.86246329684664,-3.061088736711
1.91600808364912,-3.06098634477965
1.96984609435934,-3.06088353652264
2.02401279402533,-3.06078001213584
2.07854457025186,-3.0606759461863
2.13347864779232,-3.06057099031943
2.18782858717324,-3.05635498585537
2.18743919560411,-2.84662748316472
2.18709778045526,-2.66273354328239
2.18679586093177,-2.50008374332293
2.18652674427979,-2.35511410387667
2.18628519437585,-2.22501522158431
2.18606711777703,-2.10754271675646
2.18586906832221,-2.00088137534973
2.18568838569799,-1.90354793723941
2.18552269716667,-1.81431772896691
2.18537020100062,-1.73217142282943
2.18522928820273,-1.65625313271293
2.18509852295781,-1.58583893808975
2.18497691170136,-1.52031296912398
2.18486333581629,-1.45914702315983
2.18475699995861,-1.40188626801369
2.18465722864541,-1.34813664459971
2.18456329580291,-1.29755477504652
2.18447476671611,-1.24984059445553
2.18439098317555,-1.20472997863641
2.18431161752742,-1.1619902928717
2.18423631455635,-1.12141536216275
2.18416467931982,-1.08282177997571
2.18409640679628,-1.04604600470154
2.18403120377625,-1.01094163929436
2.18396889707377,-0.97737736466461
2.18390919031378,-0.945234756117765
2.18385199124009,-0.914407092892578
2.18379698993614,-0.884797482047818
2.18374411193749,-0.856318212615468
2.1836931687695,-0.828889333800482
2.18364404601987,-0.802437985259212
2.18359665868727,-0.776897576228862
2.18355082969201,-0.752207000690583
2.18350644874353,-0.728310212036581
2.18346345837202,-0.705155687721333
2.18342174517603,-0.682695879236327
2.18338125779266,-0.660886918383069
2.1833418644364,-0.639688144916036
2.18330359490963,-0.619061988034359
2.18326629564118,-0.598973415819001
2.18322991601849,-0.579389913020708
2.18319444936818,-0.560281206261078
2.1831597994073,-0.541618973805994
2.18312592334095,-0.523376768521809
2.18309276516195,-0.505529811282164
2.18306032544688,-0.488054888788143
2.18302851456001,-0.470930135529671
2.18299730176245,-0.454135005724993
2.18296670390932,-0.437650154062864
2.18293665705225,-0.421457270935852
2.18290708931733,-0.405539036981534
2.18287799056452,-0.389879074279925
2.18284936897171,-0.3744618477755
2.18282114411582,-0.35927255285871
2.18279336399614,-0.344297145845718
2.18276592211919,-0.329522171189547
2.18273882239931,-0.314934815622401
2.1827120533691,-0.300522807940879
2.1826855678598,-0.286274369501841
2.18265937330849,-0.272178201927376
2.1826334490231,-0.258223421054327
2.18260777368524,-0.24439953036805
2.18258235102462,-0.230696393229392
2.18255711701754,-0.217104179192298
2.18253201821343,-0.203613355632902
2.18250714848384,-0.190214682740038
2.18248241515303,-0.176899120765205
2.18245784658366,-0.163657864716876
2.18243337070152,-0.15048228222046
2.18240900358014,-0.137363919148347
2.18238468255345,-0.124294454996348
2.18236051224669,-0.111265705561831
2.1823363563492,-0.098269566053923
2.1823122593094,-0.0852980266330038
2.18228821338753,-0.0723431326453577
2.18226416176232,-0.0593969696196702
2.18224006016964,-0.0464516471115274
2.18221599687965,-0.0334992741644557
2.18219195365144,-0.0205319410101297
2.18216780416646,-0.00754170913919522
2.18214360855916,0.00547942451543615
2.18211937066483,0.0185395382629356
2.18209497343779,0.0316467930216822
2.18207052731287,0.0448094913039215
2.18204594694774,0.0580360517534512
2.18202123719919,0.0713350642309833
2.18199636337865,0.0847152956411876
2.18197135541415,0.0981857324805829
2.18194611769129,0.111755567951252
2.18192070419599,0.12543428546514
2.18189506675978,0.139231632883827
2.18186920883492,0.153157686671248
2.18184304782561,0.167222846038306
2.18181667611015,0.181437942994547
2.18178993455896,0.195814148097712
2.18176289423584,0.210363159656527
2.18173553867473,0.225097145510135
2.18170778621818,0.24002878782998
2.18167961807409,0.255171378738881
2.18165108818384,0.270538882906632
2.18162205790104,0.286145877751805
2.18159258162117,0.302007782307281
2.18156257812987,0.318140777004602
2.18153209180551,0.334562000532188
2.18150101249776,0.351289488071111
2.18146926880072,0.368342352565846
2.1814369520015,0.385740959122243
2.18140391806356,0.403506800960807
2.18137020533326,0.421662858586232
2.18133567391168,0.44023350714543
2.18130034148179,0.459244871145233
2.18126410441806,0.478724799506871
2.18122698842795,0.498703213570272
2.18118884781347,0.519212084735567
2.18114971909797,0.540285914739311
2.18110939557447,0.561961648299165
2.18106791495912,0.584279334363295
2.18102518226351,0.607282130423655
2.18098107671806,0.631016728035396
2.18093543153686,0.655533719803163
0.677591587657324,0.679882820129394
0.628859937025539,0.679997767614345
0.582865439237117,0.680106254776289
0.539358012259551,0.680208876954066
0.498116761688117,0.680306143456796
0.458945909024109,0.680398545578965
0.421671231283588,0.680486506405914
0.386137095912766,0.680570341414541
0.352204161052455,0.680650370693481
0.319747333103891,0.680726959325095
0.288653702043161,0.680800284651089
0.258821465033797,0.680870685366387
0.230158158929217,0.680938272463635
0.202580029760507,0.681003344307346
0.176010628148708,0.681066000188608
0.150380327212858,0.68112646113075
0.125625342061474,0.681184833663296
0.101687292200207,0.681241303163794
0.0785124900677487,0.681295978188893
0.0560515043899963,0.681348937644579
0.0342588540486924,0.681400375131783
0.0130923677229381,0.681450299865017
-0.00748689394375912,0.681498834224712
-0.0275150560384531,0.681546078486425
-0.0470257136867652,0.681592081628632
-0.066050064375345,0.681636981741254
-0.0846173108202896,0.681680740730567
-0.102754571089772,0.681723540887483
-0.120487327347691,0.681765384217192
-0.137839455080971,0.681806262325495
-0.154833233470047,0.681846376714142
-0.171489776681961,0.681885630559871
-0.187828817249016,0.681924184429252
-0.203869057180337,0.681962026045156
-0.219628128281975,0.681999203486141
-0.235122723839955,0.682035739438173
-0.250368644067003,0.68207169728403
-0.265380914449629,0.682107079456246
-0.280173778043921,0.682141991696702
-0.294760872707215,0.682176364125987
-0.309155131133996,0.682210328120158
-0.323368970277479,0.682243871288434
-0.337414275830743,0.682276985407685
-0.351302434993477,0.682309702473738
-0.365044370848269,0.682342128540229
-0.378650655381223,0.682374187418245
-0.392131435080887,0.682405990411781
-0.405496554826966,0.682437516816531
-0.41875553497779,0.682468808350226
-0.43191763588302,0.682499815128372
-0.444991832473512,0.682530647159476
-0.45798689810559,0.682561298932875
-0.470911400299683,0.682591780274069
-0.483773723922257,0.682622129536249
-0.496582107388273,0.682652306703885
-0.509344640955094,0.682682380637945
-0.522069304848649,0.682712419467698
-0.534763998434815,0.682742318844426
-0.547436530158658,0.682772223739677
-0.560094666953915,0.682802056939129
-0.572746133917893,0.682831879138946
-0.585398642166602,0.682861712101395
-0.598059906342023,0.68289159868349
-0.610737658993874,0.682921482950057
-0.623439673224877,0.68295138700069
-0.63617378833206,0.6829814073954
-0.64894791656196,0.683011532137111
-0.661770067316027,0.683041753975345
-0.67464837520219,0.68307212227738
-0.68759111526393,0.683102674926372
-0.700606701255262,0.683133310986429
-0.713703773530397,0.683164190950203
-0.726891155831347,0.683195311320251
-0.74017788923969,0.683226608765412
-0.753573306572465,0.683258176348153
-0.767087022263287,0.683290069293081
-0.78072893602335,0.683322228133077
-0.794509316746115,0.683354687237066
-0.808438835659723,0.683387547983188
-0.82252852058228,0.683420724402542
-0.836789929906777,0.683454367226543
-0.851235051866514,0.683488434786362
-0.865876429175627,0.683522940130454
-0.880727194729001,0.683557910740759
-0.895801153876521,0.683593454821439
-0.911112750091192,0.683629550053041
-0.926677194292727,0.683666212740757
-0.942510560288871,0.683703547757768
-0.958629748690467,0.68374152684629
-0.975052691379452,0.683780241919501
-0.991798347348297,0.683819724685658
-1.00888683754982,0.683860024472542
-1.02633949735095,0.683901121645786
-1.04417915205491,0.683943187414564
-1.06242999123044,0.683986173762337
-1.08111798782065,0.684030249835013
-1.10027077273466,0.68407537547049
-1.11991808240767,0.684121700779309
-1.14009170439633,0.68416921549569
-1.16082595807648,0.684218102669069
-1.18215764602648,0.684268358923682
-1.20412660234878,0.684320143819293
-1.22677580915538,0.684373542388421
-1.18532537751599,0.614910813245183
-1.18535517390725,0.59237523141112
-1.18538395732776,0.570637823409865
-1.18541174927564,0.549644307461247
-1.18543862578624,0.529344991830508
-1.18546463110798,0.509694212886052
-1.18548981869755,0.490649958859604
-1.18551425801022,0.472173506923069
-1.18553800824975,0.454229075505579
-1.18556110729566,0.436783530408149
-1.18558358157192,0.419806140734349
-1.18560548229389,0.403268380280812
-1.18562680670955,0.387143667111757
-1.18564764259088,0.371407287585504
-1.18566795748457,0.356036086260667
-1.18568786438066,0.34100850187245
-1.18570733094324,0.326304244284522
-1.18572637446636,0.31190430688858
-1.18574505100234,0.297790848270653
-1.18576338181909,0.283947052480231
-1.18578132054826,0.27035702902374
-1.18579897943296,0.257005851270733
-1.18581637462604,0.243879348229138
-1.18583347898477,0.230964072623428
-1.18585027255445,0.2182472665651
-1.18586684591635,0.2057168472501
-1.18588322510959,0.193361277854723
-1.18589935301933,0.181169520797426
-1.18591529223334,0.16913107282559
-1.18593097866001,0.15723583348823
-1.18594659025126,0.145474193385563
-1.18596195106337,0.133836806040782
-1.18597718070508,0.12231476376032
-1.18599231991337,0.110899446805449
-1.18600729141307,0.0995824941184813
-1.18602209146318,0.0883558288907161
-1.18603686718316,0.0772116423234009
-1.18605152366312,0.0661422876260052
-1.18606602825399,0.0551403282043271
-1.1860805421931,0.0441985296906952
-1.18609490152922,0.0333097591114939
-1.1861092751239,0.0224670638966105
-1.18612358258936,0.0116635732212075
-1.18613779651931,0.000892523438446535
-1.18615200853115,-0.00985276031234716
-1.1861661963704,-0.0205788993974824
-1.18618034628576,-0.0312924659939287
-1.18619451534184,-0.042
-1.18620871377551,-0.0527080291624463
-1.18622284585721,-0.0634230788461882
-1.18623706683911,-0.074151697404682
-1.18625124515154,-0.0849004565396179
-1.1862654956057,-0.0956759890013444
-1.18627981828749,-0.1064849887054
-1.18629415362436,-0.117334224192505
-1.186308554132,-0.12823057467891
-1.18632299935139,-0.139181028427767
-1.18633756445681,-0.150192724335514
-1.18635223360145,-0.161272943345279
-1.18636700692507,-0.172429142935363
-1.18638182986735,-0.183668963133928
-1.18639681183322,-0.195000297967991
-1.1864119194552,-0.206431251657333
-1.18642719183818,-0.217970211686226
-1.18644260603758,-0.229625840629927
-1.18645817134809,-0.241407128776297
-1.18647390577931,-0.253323418894626
-1.18648986692229,-0.265384450281023
-1.18650601211629,-0.277600343388081
-1.18652239299179,-0.289981705460848
-1.18653895516547,-0.30253959498984
-1.18655583328009,-0.315285685476659
-1.18657292687866,-0.328232134338328
-1.18659034944644,-0.341391828215917
-1.18660800165885,-0.354778244088202
-1.18662605634997,-0.36840574466475
-1.18664436973125,-0.382289348782232
-1.1866631069375,-0.39644512963295
-1.18668220122354,-0.410890005444619
-1.18670169770465,-0.425642015244557
-1.18672161848716,-0.440720341716402
-1.18674197588681,-0.456145424713873
-1.18676287301319,-0.471939149301472
-1.1867842488084,-0.488124804284192
-1.18680620125089,-0.504727450745178
-1.18682870939474,-0.52177388970829
-1.18685187153021,-0.539293021011897
-1.18687569647299,-0.557315889435044
-1.18690020820846,-0.575875991756596
-1.18692547636051,-0.595009563859522
-1.18695157602316,-0.614755840751013
-1.18697852382179,-0.635157324053112
-1.18700640026119,-0.656260266343292
-1.18703530053592,-0.67811505346611
-1.18706524972178,-0.70077659775812
-1.18709632067765,-0.724305005903034
-1.18712864732706,-0.748766233374941
-1.18716229825933,-0.774232671201858
-1.18719735762003,-0.80078406897925
-1.18723398870342,-0.828508587817007
-1.18727232249656,-0.857503796303447
-1.18731242520074,-0.887877932252729
-1.18735458639425,-0.919751836330972
-1.1873988468725,-0.953260121416959
-1.18744548707688,-0.988553997209013
-1.18749466116818,-1.02580329483577
-1.1875548587056,-1.06521354623426
-1.18761012565526,-1.10697567343373
-1.18766880891282,-1.15134987149009
-1.18773141219007,-1.19861908864487
-1.1877982230275,-1.2491076915194
-1.18786979457665,-1.30319040449497
-1.1879466675187,-1.36130180180811
-1.18802958427724,-1.42394925588175
-1.18811926686407,-1.49172825111562
-1.18821668655896,-1.56534307350678
-1.18832296488376,-1.64563247082804
-1.18843937482097,-1.73360327669203
-1.18856757260053,-1.83047532092808
-1.18870951259317,-1.93774035005175
-1.18886766203352,-2.05724271354146
-1.18904505723865,-2.19128976691241
-1.18924556316675,-2.34280719279396
-1.18947420853088,-2.51556120283403
-1.18973743367317,-2.71448292953321
-1.19004399531511,-2.946158105246
-1.15972723368279,-3.06175597409418
-1.10518721441738,-3.06162341985436
-1.05098664541055,-3.06149175381574
-0.997089633962326,-3.06136089210671
-0.943461031875132,-3.06123055497501
-0.890066413389336,-3.06110078760706
-0.836871939135409,-3.06097176814515
-0.783844193179632,-3.06084289294174
-0.730950255499405,-3.06071446845881
-0.678157482363989,-3.06058607299607
-0.58921295031431,-0.985383279531482
-0.572746133917893,-0.968918745040894
-0.55684423373238,-0.953019251484199
-0.541469460791013,-0.937646733508301
-0.526587119806673,-0.922766457626968
-0.512165268763898,-0.908346734110158
-0.498174490843725,-0.894357780640594
-0.484587550562759,-0.880772891808703
-0.471379305646182,-0.867566565749821
-0.458526414679514,-0.854715531967988
-0.446007204594914,-0.842198106981257
-0.43380149676444,-0.829994194621757
-0.421890517415229,-0.818084867710457
-0.410256682424842,-0.806452765966844
-0.39888362602784,-0.795081258368304
-0.387755916405878,-0.783955237287836
-0.376859185375078,-0.773060044501415
-0.366179846756344,-0.762382253457773
-0.355705171692836,-0.751908999612145
-0.345423067301816,-0.741628459744495
-0.335322253864351,-0.731529015071496
-0.325391919139486,-0.721600119710603
-0.31562192510046,-0.711831464658341
-0.306002544442679,-0.702213551543176
-0.296524651382639,-0.692737033122022
-0.287179472784551,-0.68339322230653
-0.277958665639087,-0.674173765803391
-0.268854324558364,-0.665070544154326
-0.259858675901888,-0.656076212143013
-0.250964472104985,-0.647183287434659
-0.221325263799631,-0.675980031892382
-0.186756765956009,-0.710553196491381
-0.147369240570669,-0.749946035863789
-0.102049646648674,-0.795271841275262
-0.0493142135042554,-0.848014475187144
0.0128606530549862,-0.910197765262146
0.0873085975930047,-0.984655849147991
1.61633457915339,-3.05501111592346
1.69757179316856,-3.05481364857206
1.78096362042722,-3.05461110468526
1.16078059572476,-2.18272722921322
1.16077881187189,-2.10793458199666
1.16077686730659,-2.03619009379959
1.16077509496392,-1.96727037151822
1.16077341028526,-1.90097211741971
1.16077173745749,-1.83711030530692
1.1607700983124,-1.77551623223029
1.19621856219574,-1.75026935006694
1.25914641053449,-1.75026743388496
1.32447494567458,-1.75026553299218
1.39238596835076,-1.75026327455906
1.46308000612104,-1.75026096324773
1.53677781513606,-1.75025881158637
1.61372207066028,-1.75025618105088
2.1798062300863,-2.11619698201538
2.1797043943478,-2.04177236501585
2.17960503956278,-1.96921703947151
2.179508133913,-1.89841894416786
2.17941360547043,-1.82927343245126
0.921011936196217,-0.975403637181533
0.831146363193331,-0.885543714862397
0.75304142127675,-0.807443801879883
0.684491648403426,-0.738898282569113
0.65262209421974,-0.693539844159095
0.670629310212807,-0.675531432061031
0.688842098475808,-0.657317694289609
0.707274913124726,-0.638883616835553
0.725943648921302,-0.620213944637124
0.744864020482295,-0.601292328124929
0.764053177244169,-0.582101980387845
0.783528826374791,-0.562625178875448
0.803309656383393,-0.542843348359323
0.823414871129363,-0.522736786636022
0.843865401988845,-0.502284989926849
0.864683104730172,-0.481466220680476
0.885890608821168,-0.460257355478683
0.907512538481156,-0.438634115858491
0.929574795594814,-0.416570676984915
0.952104510109126,-0.394039509923168
0.975131031067071,-0.371011448076746
0.998685878082514,-0.347455440281547
2.17763101381368,-0.52696569826907
2.17756330305474,-0.477606220894202
2.17749621544617,-0.428521355413492
2.1774292528537,-0.379679077270727
2.17736285548934,-0.33104810222891
2.17729631180443,-0.282597538215811
2.17723016008757,-0.234297075160031
2.17716431977919,-0.186116700105484
2.17709834775317,-0.13802668528259
2.17703264666136,-0.0899975671532471
2.17696704853145,-0.0420000000000016
2.17690129803235,0.00599527445439829
2.17683553225811,0.0540175075632676
2.17676956351722,0.102096011806436
2.17670358719079,0.150260253596102
2.17663745539047,0.198539895748697
2.17657113686126,0.246964889247959
2.17650469473525,0.295565555808122
2.17643778674092,0.344372602959781
2.17637058038964,0.393417312182424
2.17630300500673,0.442731534485784
2.17623518026154,0.492347837664009
2.17616666465141,0.542299452794609
2.17609780485911,0.592620627831913
2.17602827127244,0.643346432712558
2.10874205185961,0.676502593892679
1.93440500351831,0.676914020059777
1.77990838275271,0.677278668618497
1.64196790050294,0.677604211306771
1.51798589194043,0.677896768492062
1.40588084169938,0.678161323840847
1.30396486178893,0.678401855407355
1.21085487604394,0.678621584450653
1.1254070313521,0.67882325272374
1.04666677798063,0.679009081736247
0.97383141935769,0.679180957023024
0.906221133865888,0.679340533920362
0.843256003623545,0.679489125615872
0.784438573077031,0.679627909215922
0.729339663629285,0.679757943348498
-1.18130063152313,-2
-1.1813006414586,-2.01335837238627
-1.18130067241603,-2.02672488837332
-1.18130066766025,-2.0401077084759
-1.18130062981132,-2.05351503322107
-1.18130067667408,-2.0669551333977
-1.18130067992967,-2.08043634271231
-1.18130067529594,-2.09396710737491
-1.1813006765178,-2.10755599587612
-1.1813006666349,-2.12121171776496
-1.18130064667098,-2.13494315236173
-1.18130062341484,-2.14875937176267
-1.18130065399293,-2.16266967565656
-1.18130065529511,-2.17668357795519
-1.18130062088213,-2.19081087537919
-1.18130065801509,-2.20506169328215
-1.18130062001354,-2.21944642150724
-1.18130060209524,-2.2339758745993
-1.18130062614912,-2.24866124697523
-1.18130061434239,-2.26351413398563
-1.18130058526049,-2.27854663330132
-1.18130061725936,-2.29377138295627
-1.18130058833011,-2.30920150833244
-1.18130058155204,-2.3248508236994
-1.18130056147589,-2.34073376285179
-1.18130054640889,-2.35686550558067
-1.18130055377085,-2.37326202012154
-1.18130054265744,-2.38994010299586
-1.18130051159455,-2.40691750007018
-1.18130053263909,-2.42421301232347
-1.18130051804456,-2.44184646010399
-1.18130050380784,-2.45983893446008
-1.18130050331896,-2.4782128295248
-1.18130046017287,-2.49699192991381
-1.18130044084932,-2.51620166529613
-1.18130046060024,-2.53586915150765
-1.18130040445649,-2.55602329053734
-1.18130041605751,-2.57669522806549
-1.18130039477534,-2.59791819839789
-1.18130034725378,-2.61972800180471
-1.1813003252457,-2.64216322065352
-1.18130029955851,-2.665265400853
-1.18130032881579,-2.6890795111682
-1.18130024738512,-2.71365402611151
-1.18130029256662,-2.73904190188816
-1.18130019933099,-2.76530019933099
-1.18130020505426,-2.79249156148382
-1.18130019413244,-2.82068398196345
-1.18130015163487,-2.84995192600636
-1.18130011254785,-2.88037707151773
-1.18130011707398,-2.91204916393569
-1.18130008382853,-2.94506689741589
-1.18130003909577,-2.97953938115767
-1.18129998516705,-3.0155873823021
-1.18129992886459,-3.0533449858271
-1.15396884107454,-3.05392872941839
-1.12693471203081,-3.05400405521773
-1.10052600251225,-3.05407760808867
-1.07470570712367,-3.05414948758642
-1.04943918987664,-3.05421984702843
-1.02469383811951,-3.05428865387709
-1.00043921411343,-3.05435625231393
-0.976646372433668,-3.05442247033641
-0.95328820060191,-3.05448746698527
-0.930339101966032,-3.0545514366354
-0.90777466704658,-3.05461417681267
-0.885572027014105,-3.05467604067042
-0.863709273511702,-3.05473695120378
-0.842165613785016,-3.05479690805738
-0.820921305600907,-3.05485606528246
-0.799957425535311,-3.0549143566902
-0.779255991467093,-3.05497200179965
-0.758799703736792,-3.05502900473928
-0.738571951955689,-3.0550853137038
-0.718556807848271,-3.05514098177246
-0.698738942312717,-3.05519609798935
-0.679103581345965,-3.0552508276074
-0.659636352924543,-3.05530498479124
-0.640323428836588,-3.05535875756606
-0.62115134184532,-3.05541215957204
-0.602106986787442,-3.05546517067145
-0.58317760837177,-3.05551787807701
-0.564350725858367,-3.05557026306634
-0.545614139620671,-3.05562245503461
-0.526955849866013,-3.05567439395325
-0.508364063812274,-3.05572608026987
-0.489827169150696,-3.05577770670192
-0.471333663323718,-3.05582919331259
-0.452872161351626,-3.05588055155367
-0.434431359718329,-3.05593189106576
-0.416,-3.05598318576813
-0.397566848980667,-3.05603451463162
-0.379120670375305,-3.0560858240369
-0.360650190319848,-3.05613728414672
-0.342144092067702,-3.05618869042624
-0.323590938075782,-3.05624041104292
-0.304979217093596,-3.05629219056465
-0.286297239836473,-3.05634421143627
-0.267533172237657,-3.05639637103861
-0.248674938401774,-3.05644886110889
-0.229710248710913,-3.05650167966691
-0.210626564211221,-3.05655473386078
-0.191411148545384,-3.05660747280657
-0.172050460028967,-3.05666154692725
-0.15253111076844,-3.05671599750981
-0.132839072528378,-3.05677096804242
-0.112959875984528,-3.0568265055549
-0.0928785838274886,-3.05688253017616
-0.0725796547549599,-3.0569391428917
-0.052046928681017,-3.05699646868812
-0.0312636258193079,-3.0570545005043
-0.0102122313634291,-3.05711327866163
0.0111255517547088,-3.05717283790626
0.0327688476044328,-3.0572331513369
0.0547378433028283,-3.05729450692651
0.0770535639236641,-3.0573567800162
0.099738255327845,-3.05742012614808
0.122815247275285,-3.05748446482883
0.146309327481349,-3.05755003390527
0.170246599945975,-3.05761686266804
0.194654711723327,-3.05768498658613
0.219563046073912,-3.05775453732101
0.245002741898222,-3.05782551165053
0.271007020989335,-3.05789804151611
0.297611350711873,-3.05797233525308
0.324853404177304,-3.05804831246393
0.352773692529271,-3.05812621133115
0.38141555218056,-3.05820617920079
0.410825395039558,-3.05828824566562
0.44105319286255,-3.05837255086525
0.472152845030437,-3.05845934383779
0.50418240480555,-3.05854876736896
0.537204539171656,-3.05864089039603
0.571287253514957,-3.05873595847565
0.606504330649672,-3.05883423036987
0.64293594420724,-3.05893594420724
0.680669293112869,-3.05904122603471
0.719799776922666,-3.05915042681218
0.760431615967101,-3.05926378485662
0.802679191365248,-3.05938165870641
0.846668172961553,-3.05950439823133
0.892537048073611,-3.05963240837414
0.940438705297584,-3.05976606368638
0.990542635788425,-3.05990589984063
1.04303692698263,-3.06005237738313
1.09813118226527,-3.06020606766052
0.553996358489434,-2.65427080510726
0.527601966805432,-2.61278228219955
0.514310684718894,-2.58132263463462
0.506706928910158,-2.55441825648598
0.502557476392657,-2.53032940626144
0.500844574733143,-2.50821524654995
0.501016710983958,-2.48758643422136
0.502747554518417,-2.4681252606879
0.505837099636185,-2.4496099948416
0.510165271417131,-2.43187795877901
0.515668023341976,-2.41480532917655
0.522325339008068,-2.39829547582027
0.530156366216408,-2.38227198569232
0.539219047527616,-2.36667423792664
0.549615301768103,-2.35145522759557
0.561502920688081,-2.3365812476642
0.57511613135342,-2.32203315233089
0.590805797833637,-2.30781142266821
0.609117023603106,-2.29394757638099
0.630959148777062,-2.28053185842319
0.658050390585143,-2.26779083883753
0.694515402725152,-2.25638268224423
0.761103887646635,-2.25020115508659
2.19221274484861,-2.50698519964061
2.19221047083748,-2.45989787737498
1.16201659226005,-2.24993327478794
1.16201579531375,-2.22177565704695
1.16201494846556,-2.19375587254556
1.16201425623902,-2.16585598164034
1.16201360144171,-2.13805830101587
1.16201279870874,-2.11034540421976
1.16201208618563,-2.08270010911879
1.16201118716325,-2.05510536492233
1.16201062894668,-2.02754427798568
1.16200984382629,-2
1.16200907946195,-1.97245574906067
1.16200832788316,-1.94489473492593
1.16200756244077,-1.91730012796063
1.16200673384475,-1.88965501987685
1.16200611983499,-1.86194235353991
1.16200524596413,-1.83414496537771
1.16200465456278,-1.80624539138677
1.162003636251,-1.77822605179788
1.16200305197313,-1.75006886978283
2.19216468552677,-1.54011019581062
2.19216242664458,-1.49302458122745
2.19216000471476,-1.44561847711256
2.19215756164646,-1.39785938157222
2.19215510840325,-1.34971389571658
2.19215269269566,-1.30114759225514
2.19215032599481,-1.25212492865566
2.19214790478501,-1.2026091637251
2.19214535293556,-1.15256220419291
2.19214275066032,-1.10194443154639
2.19214022473192,-1.05071459140522
2.19213760889139,-0.998829773523328
2.192134990617,-0.9462450632724
2.1921323455657,-0.892913501965677
2.19212960897697,-0.838785883080917
2.1921267293804,-0.783810532651169
2.1921239177769,-0.727932970282135
2.19212101605785,-0.671095966957258
2.19211814118185,-0.613238985446207
2.1921152310114,-0.55429812021855
2.19211221035967,-0.494205713272095
2.19210912158134,-0.432889938715212
2.19210601535663,-0.370274484473288
2.19210261524908,-0.306278357818964
0.995245221339113,-1.04810307885359
0.973913063755664,-1.02677239530213
0.952712019989147,-1.00557250888576
0.931627828516648,-0.984489591790046
0.910646674193901,-0.963510021999366
0.889755441459886,-0.942620092248286
0.868940570176265,-0.921806841480373
0.848189432996154,-0.901056891809029
0.827488842546491,-0.8803576171319
0.806826041597991,-0.859696268487875
0.786188484587011,-0.839060075231997
0.76556354864884,-0.818436451351161
0.74493859981231,-0.797812887444774
0.724301129894847,-0.777176748294976
0.703638554072059,-0.756515409762309
0.682938024649473,-0.735816414949384
0.662186951793031,-0.715066826712456
1.76252077483746,0.690249110299318
1.68568217434875,0.690030512587036
1.61092306021383,0.68981775087975
1.53811650474812,0.689610627629635
1.46714429028286,0.689408764575256
1.39789629941362,0.689211854440328
1.33026965637689,0.689019461227309
1.2641683031554,0.688831350139902
1.19950232612286,0.688647375055809
1.13618732357025,0.688467307288028
1.07414393292526,0.688290817225139
1.01329749513501,0.688117625953628
0.0823824435986906,-1.02186938043388
0.0407766450260735,-1.06346908995934
0.0031848883814366,-1.10105510589298
-0.0309672788651376,-1.13520234917469
-0.0621492044384002,-1.16637976612759
-0.0907488477238239,-1.19497514894274
-0.117089754735843,-1.2213121887374
-0.141443597898761,-1.24566248486014
-0.164040369161503,-1.26825609938365
-0.185075735444454,-1.2892881926431
-0.204717956024621,-1.30892757322445
-0.223111668803402,-1.32731844773661
-0.24038260889055,-1.34458697368684
-0.25373520912068,-1.34919147055704
-0.263495432782278,-1.33943014637829
-0.27347090439474,-1.32945332533876
-0.283675136502351,-1.31924759208044
-0.294122594711919,-1.30879888716753
-0.304828593781414,-1.29809136559885
-0.315809689419302,-1.28710889761784
-0.327083522642069,-1.27583340524185
-0.338669166235176,-1.26424626401256
-0.350587077926588,-1.25232687942446
-0.362859327661155,-1.24005298022489
-0.375509798190595,-1.22740092476105
-0.388564306417954,-1.21434452959206
-0.402050894615172,-1.20085628771978
-0.416,-1.18690526485443
-0.430444786043466,-1.1724587618053
-0.44542144875422,-1.15747994152384
-0.460969549216731,-1.14192988461003
-0.477132481785243,-1.12576478054472
-0.493957893857365,-1.1089371957972
-0.511498291008711,-1.09139445458771
-0.529811644033551,-1.07307854345343
-0.548962088751536,-1.05392557947236
-0.569020877159097,-1.03386420505985
-0.590067300202304,-1.01281528497273
-0.937438183649429,0.68256690177393
-0.986167687381286,0.682428069505699
-1.03525507440127,0.682288414797155
-1.08473451299766,0.682147634328397
-1.1346411884188,0.682005427590652
-1.18501158579682,0.68186211178882
-1.18131014229978,0.503216682893706
-1.18130918323119,0.355379474079667
-1.18130837135048,0.222616896852424
-1.18130756460243,0.102665252682976
-1.18130687255319,-0.00630743517668186
-1.18130625930531,-0.105800538756224
-1.18130561521561,-0.197052955816096
-1.18130510656875,-0.281096587389906
-1.18130458701321,-0.358799016852466
-1.18130412320024,-0.43089401622608
-1.18130366442263,-0.498006988302565
-1.18130328510643,-0.560673857683851
-1.18130286317351,-0.619357087589033
-1.18130253887177,-0.674457119512647
-1.18130215908992,-0.7263233188281
-1.18130184146883,-0.775261037958738
-1.18130158319569,-0.821538905285119
-1.18130128129926,-0.865394191192932
-1.18130097732227,-0.907036934679408
-1.18130076969814,-0.946653856864809
-1.18130048736063,-0.984411951264493
-1.18130025927348,-1.02046033702772
-1.1813000088077,-1.05493319522713
-1.18129981056896,-1.08795120134277
-1.18129956508954,-1.11962355826102
-1.18129943373561,-1.15004887130154
-1.18129921852596,-1.17931706424642
-1.18129904571803,-1.20750963904399
-1.18129885063184,-1.23470114936816
-1.18129866327888,-1.26095967149673
-1.18129850370202,-1.28634759989929
-1.18129829125115,-1.31092232346324
-1.18129814031708,-1.33473647614694
-1.18129799659554,-1.35783873331597
-1.1812978458923,-1.38027402375788
-1.18129771753658,-1.40208389329027
-1.18129755991435,-1.42330692419275
-1.18129741474391,-1.44397888161599
-1.18129728695791,-1.46413307070063
-1.18129713007849,-1.483800567847
-1.18129701095524,-1.50301031003431
-1.18129686389136,-1.52178944464197
-1.18129677415371,-1.5401633065422
-1.18129664660932,-1.55815577507019
-1.18129651852152,-1.57578921273823
-1.18129640662789,-1.59308468257931
-1.18129624089912,-1.61006208885948
-1.18129616084226,-1.62674012245289
-1.18129600871598,-1.64313661038029
-1.18129593309392,-1.65926829783662
-1.1812958081783,-1.67515120247754
-1.18129566979279,-1.69080047888563
-1.18129560914368,-1.70623053947922
-1.1812954883464,-1.72145522182369
-1.1812953731136,-1.73648767071417
-1.18129524084747,-1.75134050281535
-1.18129513007553,-1.76602579836501
-1.18129506233433,-1.78055517213163
-1.18129495822218,-1.79493983397276
-1.18129483746892,-1.80919056658768
-1.18129473144299,-1.82331778967383
-1.18129464887248,-1.8373316007712
-1.18129453842272,-1.85124181103998
-1.18129442456465,-1.86505794476349
-1.18129430858713,-1.87878928925087
-1.18129424283896,-1.89244490831848
-1.1812941084959,-1.90603369892675
-1.18129398150162,-1.91956436132085
-1.18129390760133,-1.93304545881943
-1.18129379197447,-1.94648544492706
-1.18129370347408,-1.95989265650163
-1.18129358378414,-1.97327535916716
-1.18129348999059,-1.98664175244307
0.5,0.676846138000488
0.460536781694323,0.676846262558539
0.421049505762262,0.67684634980324
0.381514068523274,0.676846254080214
0.34190621612536,0.676846440451978
0.30220157802464,0.676846308582024
0.262375476432948,0.676846320477939
0.222402948585904,0.676846554100671
0.182258753033314,0.676846448219364
0.141917103119981,0.676846432555448
0.101351767117429,0.676846475569651
0.0605359539044682,0.67684652321533
0.0194422501714877,0.676846459186434
-0.0219575477699103,0.676846525565887
-0.0636923602800258,0.676846570990946
-0.105792045643106,0.676846693161155
-0.148287362717969,0.676846712502176
-0.191210161309018,0.676846566040446
-0.234593617305854,0.676846682496245
-0.278471968125991,0.67684675779721
-0.322880859717338,0.676846580974794
-0.367857698530988,0.676846600153407
-0.413441353866747,0.676846686322368
-0.459672483833283,0.676846691454597
-0.506593828440863,0.676846755063209
-0.554250138995928,0.676846719024933
-0.602688577689227,0.676846626901832
-0.651958961002251,0.676846758773816
-0.702113569036671,0.676846803639202
-0.753207804317088,0.676846726266873
-0.80530047416687,0.676846740400766
-0.85845371495667,0.676846645525225
-0.912733872228843,0.676846796073685
-0.968211067159137,0.676846781803175
-1.02496037651117,0.676846732743956
0.0965132317808808,-1.00776117622105
0.0877233355730155,-1.01654985285054
0.0789819149884037,-1.02529013047682
0.0702832170965531,-1.0339875995098
0.0616217048014837,-1.04264788977267
0.0529919336221766,-1.05127653097564
0.0443884143658853,-1.05987882592264
0.0358059809526839,-1.06846031313719
0.0272390266898814,-1.07702592490141
0.0186827242703417,-1.08558137043084
0.0101313522958813,-1.09413135229588
0.00158008415104666,-1.10268148212438
-0.00697651625493034,-1.11123675027476
-0.0155434076330104,-1.11980263075615
-0.0241258974179811,-1.12838430842852
-0.0327295874384887,-1.13698679966314
-0.0413597069548026,-1.14561555309287
-0.0500214655266992,-1.15427613471383
-0.0587203896504603,-1.16297398750388
-0.0674621542209337,-1.17171461192495
-0.0762524948536055,-1.18050365919135
-0.0850969634298899,-1.1893471149879
-0.0940019150885244,-1.19825064596765
-0.10297298443938,-1.20722066199453
-0.112016777071908,-1.21626322047332
-0.121139729083493,-1.22538481020927
-0.130348245991934,-1.23459226167929
-0.139649692653001,-1.24389222545703
-0.149050728744803,-1.25329213569162
-0.158559085615466,-1.2627992724492
-0.168182573879217,-1.2724213487544
-0.177928961640914,-1.28216657967603
-0.187806998704599,-1.29204325063719
-0.197825440651659,-1.30206022092176
-0.207993194788711,-1.31222687547079
-0.21832042382277,-1.32255274706303
-0.228817266088256,-1.33304809024353
-0.239494374005432,-1.34372371263221
-1.18272198402666,-1.06954026111806
-1.1828141559952,-1.10146080567877
-1.1829054247987,-1.13306685048723
-1.18299591485001,-1.16438198975722
-1.18308556191519,-1.19542908081109
-1.18317451096926,-1.22623021325775
-1.183262816231,-1.25680685342099
-1.18335048171734,-1.28717989208464
-1.18343773396023,-1.3173696566855
-1.18352446868734,-1.34739606592878
-1.18361074972566,-1.37727859336352
-1.18369671890673,-1.40703634393998
-1.18378226319144,-1.43668814012473
-1.18386762663614,-1.46625250513445
-1.18395283373529,-1.49574777156655
-1.18403782014363,-1.52519210346738
-1.1841228000863,-1.5546035271774
-1.18420767784119,-1.584
-1.1842926474514,-1.61339943751938
-1.18437759792782,-1.6428197618343
-1.18446258835344,-1.67227894354097
-1.18454784275394,-1.7017950602101
-1.18463326626687,-1.731386312997
-1.18471902943832,-1.76107110522665
-1.18480507908932,-1.79086805184297
-1.18489147787838,-1.82079605468397
-1.1849782653867,-1.85087433952228
-1.18506566989535,-1.88112254186813
-1.1851534934927,-1.91156065700962
-1.18524202146786,-1.94220924966505
-1.18533116648539,-1.97308935785402
-1.18542113134514,-2.00422268462798
-1.18551178464744,-2.03563152152942
-1.18560330881759,-2.06733897102322
-1.18569579873633,-2.09936892527966
-1.18578931995428,-2.13174615375222
-1.18588384671834,-2.16449636122413
-1.18597953212781,-2.19764636527658
-1.18607651618891,-2.23122413488273
-1.18617473321518,-2.26525881355953
-1.18627437782446,-2.299781006606
-1.18637557979666,-2.33482278232929
-1.18647840713534,-2.37041779656025
-1.18658285866972,-2.40660142348979
-1.18668905813355,-2.44341100050283
-1.18679732003239,-2.48088604436253
-1.1869074668785,-2.51906807785401
-1.18701992464714,-2.55800140762329
-1.18713459146918,-2.59773273501298
-1.18725177667913,-2.63831192420135
-1.1873714607552,-2.6797918391592
-1.18749396291308,-2.72222905010505
-1.18761936557063,-2.76568380140124
-1.1877481065773,-2.81022077598893
-1.18787987670527,-2.85590871717826
-1.18801538325771,-2.90282215626148
-1.18815459882966,-2.95104063969698
-1.18829766070386,-3.00064994441408
-1.18844528612391,-3.05174309475584
-1.14045639780125,-3.06107357507451
-1.08396399810473,-3.06107032413159
-1.02954789374643,-3.06106723152073
-0.977064291571693,-3.06106429157169
-0.926381713956487,-3.06106150383849
-0.877379439409671,-3.06105861265427
-0.829947141646475,-3.06105593957389
-0.783982923827265,-3.06105339098215
-0.739392805795612,-3.06105082894234
-0.696090208945229,-3.06104839798588
-0.653994780557003,-3.06104596296842
-0.613032242249827,-3.06104367337419
-0.573133365028455,-3.06104136187956
-0.534233922882058,-3.06103911546909
-0.496274007946532,-3.06103695812528
-0.459206814893056,-3.061048967306
-0.422961295112827,-3.0610468295375
-0.387498058399265,-3.06104480921982
-0.352771043777466,-3.06104277504611
-0.318737055276978,-3.06104074672997
-0.285355453840494,-3.0610387867419
-0.252587872737426,-3.06103686535025
-0.22039806245998,-3.06103491492798
-0.18875184018983,-3.06103308780078
-0.157616681597442,-3.06103125000071
-0.126961793731702,-3.06102942504393
-0.0967579248409118,-3.06102769444573
-0.0669771491332967,-3.06102597113842
-0.0375928448223176,-3.06102420200969
-0.00857961753330128,-3.06102245740442
0.0200868539978154,-3.06102078872491
0.0484299522158255,-3.06101907322388
0.0764720700532098,-3.06101742026648
0.104234815049619,-3.06101577810171
0.131738995105207,-3.06101421699679
0.159004791668058,-3.0610125181363
0.186051638682642,-3.06101091347506
0.212898449608211,-3.06100943405938
0.239563669525752,-3.06100782618655
0.26606518582544,-3.06100628732985
0.29242052988877,-3.061004676618
0.318646819402504,-3.06100312860104
0.344760875752294,-3.06100160564701
0.370779240895875,-3.06100003516267
0.396718207442717,-3.06099844575666
0.422593868138754,-3.06099698251275
0.448422182610595,-3.06099544254295
0.474218975947667,-3.06099387875985
0.5,-3.06099236869812
0.514535502644372,-2.41673838877985
0.527998565271439,-2.38577400667118
0.540865036853678,-2.36375135395409
0.553312693405285,-2.34640703563539
0.565448470685745,-2.33207944307381
0.577347749251742,-2.3199146760949
0.589068701300235,-2.3094063592789
0.600659123034489,-2.30022687632135
0.61216019320477,-2.29215158973286
0.623608844842832,-2.2850205945011
0.635039293218022,-2.27871693823857
0.646484274302947,-2.27315432745074
0.657975901209405,-2.26826880480684
0.669546622610196,-2.26401436131037
0.681229914052054,-2.26035924709361
0.693061183511341,-2.25728435992247
0.705078744579839,-2.25478234870441
0.717324947447402,-2.25285741297635
0.729847595048957,-2.25152588574881
0.74270203012467,-2.25081834742333
0.75595368056846,-2.25078213431702
0.769682104466408,-2.25148663136645
0.783986817302948,-2.25303101540591
0.798996797867669,-2.25555780329039
0.814886351638151,-2.25927596026202
0.831904663606179,-2.26450540682983
0.850435753005298,-2.27176889035281
0.871142643738499,-2.2820177924976
0.895413778664567,-2.2973453398032
0.927775710821152,-2.32492926538613
1.38743451216996,-3.0609390505342
1.4228926279108,-3.0609369390431
1.45913266936403,-3.06093479320362
1.49620354728143,-3.06093249589338
1.53415768404404,-3.06093023512453
1.57305089327129,-3.06092784924404
1.61294313875867,-3.06092542904766
1.6538987096867,-3.06092299786188
1.69598660516972,-3.0609204579781
1.73928116134312,-3.06091777626499
1.7838627176229,-3.0609151095623
1.82981784001349,-3.0609123355621
1.87724041548631,-3.06090952774891
1.92623199396316,-3.06090646424682
1.16131296587401,-2.24531296587401
1.1613123314402,-2.2226218951133
1.16131160784622,-2.20068305095455
1.16131104729045,-2.17944714151916
1.16131037763753,-2.15886834086054
1.16130984103961,-2.13890484371024
1.1613092081144,-2.11951763773588
1.1613086444766,-2.10067093861421
1.16130810105388,-2.08233139791494
1.16130759243517,-2.06446808999698
1.16130708580554,-2.04705220655254
1.16130651007402,-2.03005687328827
1.16130604878001,-2.01345716950518
1.16130557833278,-1.99722958814682
1.16130512713723,-1.98135220805778
1.16130463085921,-1.96580440664291
1.16130418229374,-1.95056689400899
1.16130365489678,-1.93562139050083
1.1613033048096,-1.92095086363526
1.16130284452489,-1.90653894818609
1.16130240504308,-1.89237037582791
1.16130201673375,-1.87843062750225
1.16130160653141,-1.86470587789154
1.16130115620046,-1.8511830102801
1.16130075171385,-1.83784957492483
1.16130040583385,-1.82469366363168
1.16129992587548,-1.81170382514534
1.16129956726255,-1.7988692545139
1.1612991675524,-1.78617944514384
1.16129879499621,-1.77362437807302
1.16129837914767,-1.76119436664863
1.16857702551377,-1.75069497451818
1.22202801900427,-1.75069330268949
1.2842210394629,-1.75069132773753
1.35754108807756,-1.75068910179881
1.44532514251918,-1.75068632816821
1.55239525243031,-1.75068303305637
2.18477590775765,-1.82077981236274
2.18468746829207,-1.79085361105287
2.18459940618349,-1.76105853231593
2.18451177922442,-1.73137568425802
2.18442440493396,-1.70178642859688
2.18433723300246,-1.6722723739454
2.18425024082708,-1.64281531442634
2.18416332507166,-1.61339718018885
2.18407642841339,-1.584
2.1839896635903,-1.55460585108358
2.18390283829598,-1.52519681713737
2.18381581188441,-1.49575495257747
2.18372872935894,-1.46626221777823
2.18364141897606,-1.4367004623969
2.18355385862718,-1.40705135916041
2.18346592516244,-1.37729637558393
2.18337761554108,-1.34741670479253
2.18328890854575,-1.31739322831548
2.18319974238671,-1.28720647149569
2.18311010633271,-1.25683653721823
2.18301977708896,-1.22626310295932
2.18292875406489,-1.19546528275584
2.18283710232328,-1.16442158616733
2.18274456397658,-1.13310995301462
2.18265120713269,-1.10150753051321
2.18255691143218,-1.06959072887486
2.18246165703216,-1.0373350694736
2.18236523512337,-1.00471519390846
2.18226774645494,-0.971704614224318
2.18216896175857,-0.938275834728018
2.182068915105,-0.904400044635489
2.18196736818734,-0.870047210518127
2.18186437757605,-0.835185734304555
2.18175974670934,-0.799782550932622
2.18165345707078,-0.763802806312138
2.18154542978182,-0.727209809045115
2.18143528628102,-0.689964999555963
2.18132325589919,-0.652027300837036
2.18120895196815,-0.613353559017181
2.1810924495956,-0.573897750093428
2.18097335969223,-0.533611266152274
2.18085173959564,-0.492442117267349
2.18072734030803,-0.450335094472314
2.18060004994072,-0.407231176315892
2.18046941020724,-0.363067506472358
2.18033566018125,-0.317776257738268
2.18019822183211,-0.27128527960043
2.18005722848941,-0.223516481515418
2.17991196320522,-0.174386491264202
2.17976243652749,-0.123804791244781
2.17960846800528,-0.0716737425711509
2.17944947980474,-0.0178880236760324
2.17928544008992,0.0376670991917927
2.17911560898334,0.0951156089833418
1.33899597971254,-0.715194229859247
0.996879957352377,-1.05116148109691
0.98787631906359,-1.04215845435918
0.978856235553613,-1.03313891501834
0.969813993621862,-1.02409748525011
0.960744369780173,-1.01502808786893
0.951641271073899,-1.00592553433592
0.942498985348954,-0.996784012920385
0.933311867367027,-0.987597379830421
0.924073784383378,-0.978359870121294
0.914778637445958,-0.969065381549725
0.90542028624353,-0.959707505593908
0.895992162128969,-0.950280069715389
0.886487828957992,-0.940776236087018
0.876900374889374,-0.931189401299848
0.867222824860091,-0.921512487126721
0.857448001289316,-0.911738083990034
0.84756815678204,-0.901859084120508
0.837575744579411,-0.891867154064843
0.82746246481295,-0.881754478001511
0.817219853423337,-0.871512543798681
0.806839088856147,-0.861132406591043
0.796310893600887,-0.850604802724411
0.78562548977597,-0.839920159986812
0.774772778990066,-0.829067994243998
0.763741953078698,-0.81803775096938
0.752521634946273,-0.806818321345277
0.741100053716044,-0.795397257986211
0.729464396875283,-0.783762547989894
0.71760145881338,-0.771900299907358
0.705497033926127,-0.759796414430923
0.693135980807934,-0.747436158674229
0.680502325616764,-0.734803324072492
0.667578990195267,-0.721880832998688
0.654347737061435,-0.708650484904349
0.858080397988867,0.676830655177647
0.817739023809338,0.67683062963287
0.777595075611828,0.676830462482536
0.737622853824697,0.676830433940628
0.697797008966073,0.676830157811963
0.658092652950365,0.676830267481345
0.618485082981954,0.676830063835453
0.578949920110237,0.676829908942715
0.539462931198199,0.676829814182129
1.5,-3.05345230436325
1.5111267712584,-3.05345229846788
1.5222603231559,-3.05345225205189
1.53340745719232,-3.05345225707611
1.54457500197856,-3.05345222668773
1.55576984019047,-3.05345219029375
1.56699892288939,-3.05345217041005
1.57826927846009,-3.05345211844655
1.58958804829406,-3.05345208631905
1.60096248478894,-3.05345204126153
1.61239999255807,-3.05345203431978
1.62390811946268,-3.05345201359306
1.63549460310737,-3.05345198945076
1.64716738154354,-3.0534519626374
1.65893461166347,-3.05345191013876
1.67080471778734,-3.0534518849548
1.68278636941728,-3.05345182484307
1.69488857953062,-3.05345182067038
1.70712062927336,-3.053451750924
1.71949222759493,-3.05345171494649
1.73201343176799,-3.05345166479274
1.74469476623907,-3.05345165971721
1.75754716848081,-3.05345161084145
1.77058214303371,-3.05345158181564
1.78381170614822,-3.05345152887341
1.79724850719932,-3.05345148080007
1.81090584030918,-3.05345143875534
1.82479770227386,-3.05345138264662
1.83893890977726,-3.05345137775372
1.85334502834471,-3.0534513052216
1.86803266406059,-3.05345127299787
1.88301934068832,-3.053451230051
1.89832368843278,-3.05345115233396
1.91396559092728,-3.05345110969372
1.92996617716411,-3.05345107204414
1.94634800363964,-3.05345101171127
1.96313521730776,-3.05345093983589
1.98035369244472,-3.05345088010501
1.99803117147959,-3.05345083050662
2.01619748414576,-3.05345080538215
2.03488466394065,-3.05345071987482
2.05412741333749,-3.05345066987855
2.07396308891358,-3.05345058959744
2.09443223137018,-3.05345052515153
2.11557872115126,-3.05345042627657
2.1374503474778,-3.0534503474778
2.16009911233458,-3.05345030304162
2.18238175136528,-3.05233127765316
2.18244289587487,-3.03047434344806
2.18250220765838,-3.00929011764772
2.18255973253828,-2.98873561982933
2.1826156199529,-2.96877122984737
2.18266995678769,-2.94936022488618
2.18272284358318,-2.9304685638798
2.18277435559998,-2.91206460637484
2.18282457610467,-2.89411891546334
2.18287356307118,-2.87660403421804
2.18292149584069,-2.85949440495674
2.18296831070368,-2.84276596568402
2.18301411546041,-2.8263962842201
2.18305899977065,-2.81036429738998
2.18310297806296,-2.79465016381464
2.18314612984003,-2.77923524043898
2.1831884736918,-2.76410191414723
2.1832300940005,-2.74923358233296
2.18327099703029,-2.73461449851043
2.18331122534669,-2.72022975851767
2.18335086228794,-2.70606523167635
2.18338992046263,-2.6921074503383
2.18342844306252,-2.67834359981195
2.18346649310729,-2.66476145960936
2.18350402532578,-2.65134930971431
2.18354108983664,-2.63809596327243
2.18357775478481,-2.62499069280034
2.18361408021917,-2.6120231831426
2.1836499731092,-2.59918345820017
2.18368561418142,-2.58646196875647
2.1837209065625,-2.57384940893282
2.18375589907369,-2.5613368029287
2.18379069129041,-2.54891544595852
2.18382521667589,-2.53657683578877
2.18385949080935,-2.52431270271246
2.18389362650326,-2.51211498111641
2.18392761047914,-2.49997575134205
2.18396143106298,-2.48788724316309
2.1839951469399,-2.47584182126399
2.184028717246,-2.46383194747482
2.1840622455781,-2.45185018318212
2.18409574775026,-2.43988914991747
2.18412915538706,-2.42794151882657
2.18416255712509,-2.416
2.1841960216129,-2.40405731401912
2.18422941909453,-2.39210618217633
2.18426289747181,-2.38013930109772
2.18429646315321,-2.36814932990748
2.18433009728517,-2.35612887437795
2.18436381097069,-2.34407046500442
2.18439769870599,-2.33196652908143
2.18443169454235,-2.31980939835225
2.18446591905087,-2.30759124848991
2.18450025651323,-2.29530413647485
2.18453487412422,-2.28293989955219
2.18456968034771,-2.27049022252174
2.18460478014534,-2.25794653277193
2.1846401665316,-2.24530003461245
2.18467587825929,-2.23254165134335
2.18471186510161,-2.21966203210781
2.18474825400015,-2.20665144967691
2.18478509451836,-2.19349983510427
2.18482227890265,-2.18019677917786
2.18485996701336,-2.1667313573666
2.18489810242937,-2.15309225081336
2.18493677281819,-2.13926758074255
2.18497600401344,-2.12524493658841
2.18501583119735,-2.11101130206047
2.18505625506989,-2.09655302199393
2.18509735651198,-2.08185569288878
2.18513918831811,-2.06690414710597
2.18518177227866,-2.05168238927691
2.18522514297031,-2.03617350096854
2.18526938281725,-2.02035953736305
2.18531454569159,-2.00422147784716
2.18536062777791,-1.98773914869625
2.18540778188707,-1.97089098200588
2.1854559643195,-1.95365411414606
2.18550532736827,-1.93600400229382
2.18555594560296,-1.91791445019252
2.18560783378191,-1.89935744007144
2.18566113701882,-1.88030280899294
2.18571591854835,-1.8607181978519
2.18577226523316,-1.84056874517125
2.18583031844763,-1.8198167997812
2.18589018946563,-1.79842169946093
2.18595194251991,-1.77633946523475
2.18601576372379,-1.75352227763123
2.18608178366004,-1.72991821633996
1.66097646495563,-2.2493039907316
1.6554464291863,-2.24930411325555
1.65009345123561,-2.24930433466383
1.64490615489981,-2.24930453739139
1.63987405306015,-2.24930459475485
1.63498705457768,-2.24930487013299
1.63023644051905,-2.24930495775103
1.62561371840175,-2.24930496547047
1.62111084395958,-2.24930522400103
1.61672087468989,-2.24930531546644
1.61243697305876,-2.24930533232536
1.60825264281496,-2.24930554808891
1.6041622389513,-2.24930557238401
1.60016004704946,-2.24930568874433
1.59624101966619,-2.24930566416591
1.5924001011065,-2.24930580501196
1.5886328344932,-2.24930588246999
1.58493476649683,-2.2493061349907
1.58130203793393,-2.24930611929583
1.57773054988735,-2.24930629783157
1.5742167600062,-2.24930642778605
1.57075719623778,-2.24930649184417
1.56734856761056,-2.24930644571069
1.56398762980752,-2.24930652531274
1.56067142014034,-2.24930664315816
1.55739707025839,-2.24930680420885
1.55416187094813,-2.24930690144033
1.55096320256801,-2.24930687543409
1.54779840897731,-2.2493071381399
1.54466522540079,-2.24930710947274
1.54156118730098,-2.24930718239813
1.53848405501285,-2.24930724416722
1.5354315990106,-2.24930743246777
1.53240172134233,-2.24930759434395
1.5293923624877,-2.24930762898792
1.52640147968363,-2.24930761765782
1.52342708258294,-2.24930764590554
1.52046722853983,-2.24930780035114
1.51752004424001,-2.2493079138464
1.51458365716839,-2.24930803579979
1.51165624109586,-2.24930798628037
1.50873595557808,-2.24930803751669
1.50582104596635,-2.24930705333621
1.50290963430438,-2.24930716234244
1.5,-2.24930722153187
1.4970903711569,-2.24930747521917
1.49417896651469,-2.24930741074622
1.49126401712659,-2.2493075166908
1.48834372668112,-2.24930752546962
1.48541630776612,-2.24930763499943
1.48247994641441,-2.24930782492921
1.47953276782819,-2.24930777077095
1.47657295682003,-2.24930792627228
1.4735985762617,-2.2493079708827
1.47060771255153,-2.24930805455651
1.46759837532904,-2.24930809167504
1.46456857138631,-2.2493082341222
1.46151620309361,-2.24930836214912
1.45843910830223,-2.24930836799784
1.45533517955316,-2.24930862078147
1.45220197300314,-2.24930847026404
1.44903738122683,-2.24930878494097
1.44583877371156,-2.24930888549883
1.44260364288911,-2.24930887533959
1.43932945645719,-2.24930905159009
1.43601332607012,-2.24930901545915
1.43265248181921,-2.24930904314051
1.42924393911999,-2.24930916657945
1.42578447640685,-2.24930920481523
1.42227091113331,-2.24930943100049
1.418699653916,-2.24930958810225
1.41506706681427,-2.24930973306632
1.41136925721256,-2.24930981639636
1.4076021528521,-2.24930987126092
1.4037614017725,-2.24930985822076
1.39984254698744,-2.24931000594671
1.39584070641051,-2.24931028594822
1.39175050609761,-2.24931039698905
1.38756639332117,-2.24931032318885
1.3832827321251,-2.24931046653207
1.3788931850345,-2.24931076943564
1.37439059508247,-2.24931068965738
1.36976816486454,-2.24931085237321
1.36501786866473,-2.24931094983104
1.36013141613875,-2.24931111269229
1.35509968139687,-2.24931125128271
1.34991299988689,-2.24931149936121
1.34456046103447,-2.2493115021127
1.33903113283717,-2.24931185847637
1.33331195368457,-2.24931195368457
1.32738966550067,-2.2493121375583
1.32124929089499,-2.24931226710178
1.31487470651124,-2.24931243704089
1.30824822751506,-2.24931272722609
1.30134986425969,-2.24931274436699
1.29415877134816,-2.24931305966449
1.28665063187606,-2.24931320526048
1.27879961480528,-2.24931355385222
1.27057589450908,-2.24931363041126
1.26194767655854,-2.24931396863795
1.25287811071476,-2.24931418097891
1.24332682007858,-2.24931448798888
1.23324780039208,-2.24931472591061
1.22258978187762,-2.24931512461442
1.2112940143679,-2.24931552147865
1.1992934865505,-2.24931565776414
1.18651309061931,-2.24931605357988
1.17286516778943,-2.24931647757262
-1.18780049932818,-1.10507210491405
-1.18763596848796,-1.16273476556124
-1.18747379758936,-1.21945957429815
-1.18731438592361,-1.27530271993765
-1.18715720599375,-1.3303180158366
-1.18700229833565,-1.38455645561144
-1.18684934845224,-1.43806681320585
-1.18669851320788,-1.49089551331824
-1.18654944950687,-1.54308716895154
-1.18640211860377,-1.59468444960728
-1.18625623069299,-1.64572842088294
-1.18611181172699,-1.69625850926805
-1.18596885110396,-1.74631275065526
0.813048503259499,-2.25740475055652
0.875925553240683,-2.28334888137072
0.900101690775818,-2.29939158120181
0.916901468993361,-2.31318399657206
0.929890870082647,-2.32570358453413
0.940455455581173,-2.33736114267421
0.949305130805915,-2.34838317229452
0.956859799567934,-2.35891366459154
0.963391139743499,-2.36905280797999
0.969085968708368,-2.3788748743757
0.974078410569231,-2.38843761742093
0.978467847454539,-2.39778769591842
0.98232960578339,-2.40696402965753
0.9857217669487,-2.416
0.988689406279271,-2.42492495961188
0.991267653056765,-2.4337653250206
0.993483847466661,-2.44254538672526
0.995358721663793,-2.45128795576915
0.996907550290092,-2.4600148860551
0.998140611101821,-2.46874754728104
0.999063963702093,-2.47750721125728
0.999679239996512,-2.48631549722983
0.999984049183266,-2.49519474652345
0.999971460482478,-2.50416852264119
0.999629811139835,-2.51326211199394
0.998942019792197,-2.5225031614703
0.997884711410836,-2.53192244841307
0.996426702884756,-2.5415549244549
0.99452699259211,-2.55144108413067
0.992131825674754,-2.56162885556151
0.989169974335693,-2.57217641185589
0.985546101260002,-2.58315620450443
0.98112883215619,-2.59466167082848
0.975731809569051,-2.60681801608947
0.969077081659821,-2.61980221372684
0.960721896726902,-2.63388249674097
0.949884039283079,-2.64951037131928
0.93492247985953,-2.66758872138955
0.910862253966954,-2.69071944268338
0.193020707950595,-3.05345639331323
0.248922071724782,-3.05345604375699
0.301120069131246,-3.05345576667258
0.34999983762987,-3.05345549917392
0.395895162765607,-3.05345522499084
0.439096817134482,-3.05345494318488
0.479859244695662,-3.05345469262331
0.518406150730623,-3.0534544991515
0.554935129475064,-3.05345430413765
0.589621265155497,-3.05345405276394
0.622620044996937,-3.05345385052915
0.654070377122293,-3.05345369342142
0.684096739674175,-3.05345348991254
0.712810701610896,-3.05345332493748
0.740312863117309,-3.05345319636839
0.766694170347494,-3.05345303248025
0.792036828563638,-3.05345290277522
0.816415630398164,-3.05345273730162
0.83989852948579,-3.05345258030922
0.862547545179769,-3.05345245482023
0.884419457034657,-3.05345231282027
0.905566183269293,-3.05345222524256
0.926035555054488,-3.05345209562348
0.945871452641714,-3.05345197442024
0.965114378231169,-3.05345186136999
0.983801765645869,-3.05345173181233
1.00196820468359,-3.05345162898133
1.01964584123266,-3.05345149893603
1.03686443234493,-3.05345142204759
1.05365179123344,-3.05345130466287
1.07003372284441,-3.05345122028761
1.08603440907272,-3.05345110969372
1.10167640632417,-3.05345100069114
1.11698084350365,-3.05345092350408
1.13196760416031,-3.05345080842565
1.14665528952124,-3.05345073177623
1.16106148198034,-3.05345064096483
1.17520273068522,-3.05345053291658
1.18909463001204,-3.05345047445395
1.20275202179092,-3.05345034637684
1.21618885144982,-3.0534502764877
1.22941843920104,-3.05345021015652
1.2424534343831,-3.05345011870092
1.25530585321237,-3.05345004599104
1.26798720019767,-3.05344992848135
1.28050841278242,-3.05344985515563
1.29288001538633,-3.05344976686549
1.30511206525771,-3.05344971166279
1.31721425489485,-3.05344964760792
1.32919591471217,-3.05344952443451
1.34106599396261,-3.05344948110521
1.35283320841408,-3.05344940725021
1.36450596694774,-3.05344930755231
1.37609242644623,-3.05344920513516
1.38760051460358,-3.05344915806308
1.39903798142209,-3.0534490977209
1.41041238306483,-3.05344901704108
1.42173111379478,-3.05344892378706
1.43300142601199,-3.05344885083509
1.44423046111298,-3.05344874637955
1.45542524333222,-3.05344871858013
1.46659273309511,-3.05344862617563
1.47773980581477,-3.0534485588151
1.48887329531725,-3.05344848435161
2.17979910839317,-0.191275617374956
2.17968995836857,-0.14687992663566
2.17957448401669,-0.0999168236452426
2.17945204032028,-0.0501257378252113
2.17932186994424,0.00278988606596653
2.17918324175022,0.0591693446713788
2.17903511997314,0.119402028702233
2.17887643601681,0.183937719229713
2.17870586024224,0.253298319834618
2.17852191511059,0.328093319278597
2.17832288994095,0.409038876531131
2.17810661223731,0.496981816246337
2.17787062730981,0.59293164353605
2.17024952119776,0.67754343515966
2.1311620773387,0.677605129926619
2.09253148992613,0.677665965536259
2.05432677473082,0.677726359505529
2.01651788539224,0.677785911007886
1.97907606826221,0.67784484396196
1.94197356116454,0.677903400565685
1.90518341353754,0.677961442234158
1.86867954594203,0.678018968801753
1.83243666978525,0.678076175891306
1.79643008398092,0.678132802047463
1.76063583192294,0.678189343967281
1.72503034981547,0.6782454521943
1.68959062023108,0.678301138751356
1.65429408212924,0.678356811967628
1.619118461189,0.678412355285612
1.58404179092763,0.678467620660583
1.54904237200731,0.678522685295387
1.51409869875902,0.678577867520096
1.47918937483016,0.678632903654334
1.44429310656551,0.678687908038917
1.4093886286425,0.678742900700652
1.37445465564715,0.6787979269524
1.33946983493322,0.678852935339785
1.30441266750217,0.678908247226394
1.26926151148482,0.67896359479274
1.23399446340953,0.679019178294682
1.1985893251194,0.679075172051557
1.16302365563836,0.679130995634534
1.35312060147515,-0.700610216430602
1.34368874267839,-0.710042277976944
1.33448226010251,-0.719249338419771
1.32548768915933,-0.72824438262646
1.31669253947837,-0.737040133000564
1.30808496679713,-0.745647914859571
1.29965409960853,-0.754079372099493
1.29138945930911,-0.762344421078697
1.28328132151859,-0.770452966710867
1.27532050854139,-0.778414306781559
1.26749825972027,-0.786236951454852
1.2598063736828,-0.793929235656138
1.2522371122169,-0.801499134219142
1.24478288284898,-0.808953589450314
1.2374368424033,-0.816300169581208
1.23019207921542,-0.823545126051309
1.22304235261335,-0.83069525881337
1.21598144141206,-0.837756489803108
1.20900352132514,-0.844734785492109
1.20210295975105,-0.851635775037505
1.19527421769875,-0.858464649893985
1.18851225259831,-0.865226946707424
1.18181204263313,-0.871927706002479
1.17516853463575,-0.878571488716205
1.16857718215264,-0.885163292306088
1.16203326836691,-0.891707486686913
1.15553249762216,-0.898208769533009
1.14907027372314,-0.904671133988792
1.14264264195722,-0.911099237405972
1.13624530309282,-0.917497047040092
1.12987403672065,-0.923868484067073
1.12352499677446,-0.930217791946322
1.11719425857012,-0.936548977302457
1.11087771014759,-0.942865740730358
1.10457163051822,-0.94917215514306
1.09827212998076,-0.955472044051226
1.09197537456405,-0.961769258909283
1.08567740721634,-0.968067519434864
1.0793745217341,-0.97437079810286
1.07306287465983,-0.980682950427578
1.06673833074205,-0.987007620228022
1.06039726059889,-0.993348959918262
1.05403582987277,-0.999710998105728
1.04764969640952,-1.00609744862654
1.04123492885024,-1.01251247681654
1.03478750147128,-1.0189602887788
1.02830304206897,-1.0254449791348
1.02177730712496,-1.03197090124202
1.01520609147879,-1.03854259997395
1.00858467491231,-1.04516447282412
1.00190841229711,-1.05184118969562
-1.18514425130649,0.185266028290515
-1.18529061009165,0.124875082511654
-1.18543450495199,0.0656212903483815
-1.18557567949721,0.00743749786147307
-1.18571433718504,-0.0497395088379067
-1.18585077336519,-0.105969525081035
-1.18598496204241,-0.161309393897572
-1.18611720077601,-0.215812954428685
-1.18624765740215,-0.269531486735643
-0.20346366334485,-0.694008415130647
-0.152282178796991,-0.745197671849571
-0.10474575044767,-0.792741173984183
-0.0604529201420523,-0.837040865949823
-0.0190576821959278,-0.878442361930493
0.019738067535886,-0.917243909121164
0.0561931817373336,-0.953704468353392
0.0905334854356359,-0.988049976285129
0.0906157464132944,-1.01318756526484
0.0699693524829743,-1.03383094488939
0.0488440726909567,-1.05495321328444
0.0272096846879413,-1.07658455307169
0.00503372730783491,-1.09875723827586
-0.0177183048155201,-1.12150590514737
-0.0410833429615074,-1.14486773887385
-0.0651015924250054,-1.16888265974905
-0.0898164236382213,-1.19359368387591
-0.115273529696745,-1.21904732665481
-0.141523989486068,-1.24529374163963
-0.168621369593861,-1.27238736823867
-0.1966252261124,-1.30038720777446
-0.225599582902636,-1.32935745378078
-1.18894243130714,-1.38047943605316
-1.1890544670756,-1.4266692312973
-1.18916665138284,-1.47292763967569
-1.18927900938978,-1.51928306943092
-1.18939174259142,-1.56576417989967
-1.18950497241635,-1.61239994002854
-1.18961848136764,-1.65921966111661
-1.18973239695319,-1.70625314134098
-1.18984715512824,-1.75353076765119
-1.18996251906521,-1.80108344542451
-1.1900784807477,-1.84894280155666
-1.19019544137097,-1.89714133150595
-1.19031321994051,-1.94571229401921
-1.19043192687513,-1.99468997681959
-1.19055188945924,-2.04410980500825
-1.19067288389918,-2.09400824522515
-1.19079520338831,-2.14442320132454
-1.19091864725381,-2.19539385213919
-1.19104378401113,-2.24696117750303
-1.19117025245848,-2.29916754615758
-1.19129866884458,-2.35205751927207
-1.19142869766667,-2.4056773207908
-1.19156047281656,-2.46007553001536
-1.19169442364505,-2.51530324238968
-1.19183044414199,-2.57141391632235
-1.1919687947958,-2.62846398874986
-1.19210945846018,-2.68651282900801
-1.1922527679235,-2.74562331604665
-1.19239893690555,-2.80586190980919
-1.19254779706664,-2.86729880864595
-1.19269995028855,-2.93000896109751
-1.1928551985708,-2.99407155716428
-1.19301402800846,-3.05957133929208
-1.102851628468,-3.06499270839949
-1.00912956227929,-3.0648392214216
-0.919933345110907,-3.06469316169332
-0.834892240080552,-3.06455388223778
-0.753674077414245,-3.0644207716431
-0.675980634350362,-3.06429349395748
-0.601542981203779,-3.06417163193632
-0.530117733948438,-3.06405451090116
-0.461485043600665,-3.06394210705714
-0.395444694660426,-3.06383397447983
-0.331835117773462,-3.06374993923084
-0.270447661573366,-3.06364908091126
-0.211151887972517,-3.06355158145159
-0.153808406929907,-3.06345728975261
-0.0982891633193903,-3.06336607844294
0.626957442419154,-2.28278042764113
0.672264774341037,-2.26288726355306
0.706479173981437,-2.2543682732682
0.735460478318607,-2.25101863405742
0.76115852038038,-2.2508832674978
0.784526180186527,-2.25306534502343
0.806118301758882,-2.25708378058756
1.16784837300853,-1.75060278164727
1.17856686888605,-1.75060244135687
1.18904764946156,-1.75060227211575
1.19930493566746,-1.75060191222844
1.20935171384846,-1.7506016002695
1.21920034307453,-1.75060132743759
1.22886244445325,-1.75060111869736
1.23834907186909,-1.75060081960841
1.24767050819022,-1.75060059193705
1.25683662191953,-1.75060032045728
1.2658566909439,-1.75060004976718
1.2747395465858,-1.75059977910316
1.28349356135551,-1.75059957626951
1.29212679433846,-1.7505993031887
1.3006468546318,-1.75059902911493
1.30906102673818,-1.75059880841064
1.31737632542867,-1.75059858910898
1.32559947114138,-1.75059834486102
1.33373690234261,-1.75059812350215
1.34179485230199,-1.75059786448006
1.34977929964224,-1.75059764372004
1.35769606173616,-1.75059740026874
1.36555074350981,-1.75059720911296
1.37334882493475,-1.75059697338814
1.38109559982764,-1.75059678453837
1.38879627821374,-1.75059646345393
1.3964558680212,-1.75059636263101
1.40407939106045,-1.75059604815925
1.41167166379563,-1.75059592870427
1.41923751778689,-1.75059563562045
1.4267816570068,-1.75059535980003
1.43430874669214,-1.750595264145
1.44182343660012,-1.75059500944372
1.44933031612759,-1.7505947685624
1.45683396665996,-1.75059451403907
1.46433896134721,-1.7505942868474
1.47184988104114,-1.75059416666682
1.47937130482257,-1.75059385446062
1.48690786402815,-1.75059368352155
1.49446420401189,-1.75059348602468
1.50204502693386,-1.75059327490768
1.50965509235778,-1.75059303195907
1.51729923033931,-1.75059273321561
1.52498239591589,-1.75059260854636
1.53270955927394,-1.7505923400994
1.54048587457203,-1.75059208653642
1.54831659406892,-1.7505918268514
1.55620714066711,-1.75059167352542
1.56416300749876,-1.75059136883348
1.57218998296925,-1.75059117305857
1.58029395035273,-1.75059095363497
1.58848103655855,-1.75059072171129
1.59675758335692,-1.75059044400322
1.6051302280095,-1.75059022469788
1.61360582802518,-1.75059000393328
1.62219151803343,-1.7505896821586
1.63089487095778,-1.75058945889487
1.63972367136908,-1.75058916935311
1.64868621007466,-1.75058895123305
1.65779102506833,-1.75058855883408
2.18622477796419,-2.80125881668264
2.18606899080016,-2.73810664004912
2.1859234546732,-2.67911119218164
2.18578706575327,-2.62384247719123
2.18565898979206,-2.57192766642802
2.18553839092308,-2.52304150520794
2.18542454438008,-2.47689912694509
2.18531689372988,-2.43325006955076
2.18521478777387,-2.39187286414677
2.18511785514065,-2.35257146244888
2.18502560893818,-2.31517117965884
2.18493759224005,-2.27951602730407
2.18485363502483,-2.24546659498394
2.18477322929253,-2.2128971588905
2.18469623975576,-2.18169484041842
2.18462243830478,-2.15175749700071
2.18455147550225,-2.12299242509318
2.18448313707973,-2.09531554785429
2.18441735932485,-2.0686504470226
2.18435389970603,-2.04292717987896
2.18429258324874,-2.01808182383283
2.18423333330072,-1.99405586182663
2.18417596783411,-1.97079543236736
2.18412033145855,-1.94825097462973
2.18406635012959,-1.92637684189973
2.18401395822702,-1.90513085346779
2.18396298447647,-1.88447387125256
2.18391338086204,-1.86436968848643
2.18386505647366,-1.84478462912889
2.18381791929738,-1.82568734712852
2.18377195017206,-1.80704866523255
2.18372701257383,-1.78884125497386
2.1836830890908,-1.77103962789422
2.1836401092895,-1.75361986625408
2.183598011809,-1.73655952738086
2.18355674651233,-1.71983751950404
2.18351626615879,-1.70343398359877
2.18347656133116,-1.6873302085856
2.18343747381201,-1.67150844462907
2.18339908843756,-1.65595201489726
2.18336131888447,-1.64064503068222
2.18332412676309,-1.62557243064191
2.18328746862863,-1.61071989005196
2.18325134687586,-1.59607378120471
2.18321568959053,-1.58162107121368
2.18318044728378,-1.56734931177488
2.1831456894859,-1.55324662120227
2.18311124405557,-1.53930152165902
2.18307718225088,-1.52550305859003
2.1830435087905,-1.51184065903973
2.18301007123975,-1.49830408113664
2.18297693012022,-1.48488347949647
2.18294409382131,-1.47156930010858
2.18291147898939,-1.45835224893233
2.18287910338545,-1.4452233060085
2.1828468681175,-1.43217365723975
2.18281480681775,-1.41919471403261
2.18278298179527,-1.40627806587912
2.18275119883754,-1.3934154269544
2.18271954928215,-1.38059868175289
2.18268806379254,-1.36781981664127
2.18265659952556,-1.35507089961003
2.18262514281624,-1.34234408465691
2.18259375440317,-1.32963158038637
2.18256239354211,-1.31692562528818
2.18253103871192,-1.30421847490201
2.18249968801545,-1.29150238123401
2.18246823922281,-1.27876957903971
2.18243672592047,-1.26601225784702
2.18240519467458,-1.25322254219864
2.18237352233216,-1.24039249107856
2.18234170718818,-1.22751405562735
2.18230980152772,-1.21457905774135
2.18227766681142,-1.20157920415026
2.1822454352879,-1.18850599772184
2.18221296813272,-1.175350798527
2.18218025427543,-1.16210473758724
2.18214727731943,-1.14875871175963
2.18211411446469,-1.13530333269827
2.18208057084706,-1.12172899031443
2.18204673748798,-1.10802568566157
2.18201256340832,-1.09418310593057
2.18197800409404,-1.08019055537573
2.18194310662207,-1.06603688917821
2.1819076974447,-1.0517105815752
2.18187191202803,-1.03719950000944
2.18183559742746,-1.02249107474911
2.18179872106871,-1.00757210398555
2.18176137829587,-0.992428686217998
2.18172336344285,-0.977046352964804
2.18168477231218,-0.961409741595572
2.18164551043535,-0.945502749744504
2.18160550295603,-0.92930836991126
2.18156478362927,-0.912808557498763
2.18152321128137,-0.895984296289593
2.18148085760455,-0.878815286617701
2.1814375567242,-0.861280098680243
2.18139327112802,-0.843355843817989
2.18134802976393,-0.825018071712822
2.18130166345913,-0.806240805641096
2.18125412323262,-0.786996175298432
2.18120538197776,-0.767254299070913
2.18115532693271,-0.746983168527672
2.18110387355668,-0.726148346865517
2.18105095927901,-0.704712723649213
2.18099642520431,-0.682636338589555
2.1809402355828,-0.659875885386145
2.18088221443807,-0.636384589444198
2.18082224330055,-0.612111640803467
2.18076027712437,-0.58700171889646
2.18069606808013,-0.560994756963236
2.180629476514,-0.534025058825429
2.18056033665666,-0.506020763659732
2.18048842815103,-0.476903119815558
2.18041353006605,-0.446585551729158
2.18033545835093,-0.41497259864053
2.18025392677173,-0.381958910116784
2.18016866750642,-0.347427739864869
2.18007933302917,-0.311249481295737
2.17998552638401,-0.273279772095861
2.17988697450558,-0.233357044339777
